,Unnamed: 0.1,Unnamed: 0,match_id,shotX,shotY,quarter,time_remaining,player,team,made,shot_type,distance,score,opp,status
0,0,0,201205040BOS,27.2,7.3,1st quarter,10:54.0,Jeff Teague,ATL,False,2-pointer,4,0-0,'BOS',tied
1,1,1,201205040BOS,24.7,7.2,1st quarter,10:51.0,Jeff Teague,ATL,False,2-pointer,2,0-0,'BOS',tied
2,2,2,201205040BOS,23.3,6.9,1st quarter,10:28.0,Marvin Williams,ATL,True,2-pointer,2,2-2,'BOS',tied
3,3,3,201205040BOS,22.5,10.5,1st quarter,9:58.0,Jason Collins,ATL,True,2-pointer,6,4-2,'BOS',leads
4,4,4,201205040BOS,26.3,5.1,1st quarter,9:29.0,Jason Collins,ATL,True,2-pointer,2,6-4,'BOS',leads
5,5,5,201205040BOS,36.9,28.5,1st quarter,8:55.0,Joe Johnson,ATL,False,3-pointer,27,6-6,'BOS',tied
6,6,6,201205040BOS,23.3,6.1,1st quarter,8:43.0,Jeff Teague,ATL,True,2-pointer,1,8-6,'BOS',leads
7,7,7,201205040BOS,27.2,8.6,1st quarter,8:18.0,Jason Collins,ATL,False,2-pointer,5,9-8,'BOS',leads
8,8,8,201205040BOS,24.4,6.5,1st quarter,8:14.0,Jason Collins,ATL,False,2-pointer,2,9-8,'BOS',leads
9,9,9,201205040BOS,24.1,6.2,1st quarter,7:20.0,Joe Johnson,ATL,True,2-pointer,1,11-10,'BOS',leads
10,10,10,201205040BOS,1.1,6.4,1st quarter,7:02.0,Kirk Hinrich,ATL,False,3-pointer,23,11-10,'BOS',leads
11,11,11,201205040BOS,20.3,19.6,1st quarter,6:32.0,Joe Johnson,ATL,False,2-pointer,15,11-10,'BOS',leads
12,12,12,201205040BOS,46.8,13.6,1st quarter,6:08.0,Marvin Williams,ATL,False,3-pointer,24,11-10,'BOS',leads
13,13,13,201205040BOS,23.5,5.3,1st quarter,5:40.0,Erick Dampier,ATL,True,2-pointer,1,13-13,'BOS',tied
14,14,14,201205040BOS,20.6,7.8,1st quarter,4:56.0,Joe Johnson,ATL,True,2-pointer,4,15-13,'BOS',leads
15,15,15,201205040BOS,19.5,30.8,1st quarter,4:25.0,Joe Johnson,ATL,True,3-pointer,26,18-13,'BOS',leads
16,16,16,201205040BOS,4.6,7.2,1st quarter,3:40.0,Ivan Johnson,ATL,False,2-pointer,20,18-15,'BOS',leads
17,17,17,201205040BOS,24.9,5.6,1st quarter,3:37.0,Tracy McGrady,ATL,False,2-pointer,1,18-15,'BOS',leads
18,18,18,201205040BOS,34.6,22.9,1st quarter,2:04.0,Jannero Pargo,ATL,False,2-pointer,21,19-15,'BOS',leads
19,19,19,201205040BOS,29.8,8.4,1st quarter,1:20.0,Ivan Johnson,ATL,False,2-pointer,7,19-17,'BOS',leads
20,20,20,201205040BOS,36.1,7.8,1st quarter,0:42.8,Ivan Johnson,ATL,False,2-pointer,12,19-17,'BOS',leads
21,21,21,201205040BOS,24.0,4.8,1st quarter,0:41.9,Erick Dampier,ATL,False,2-pointer,0,19-17,'BOS',leads
22,22,22,201205040BOS,32.6,24.0,1st quarter,0:08.8,Jannero Pargo,ATL,False,2-pointer,21,19-17,'BOS',leads
23,23,23,201205040BOS,23.2,5.4,1st quarter,0:05.9,Erick Dampier,ATL,False,2-pointer,1,19-17,'BOS',leads
24,24,24,201205040BOS,26.0,18.1,1st quarter,0:00.0,Jannero Pargo,ATL,False,2-pointer,13,19-17,'BOS',leads
25,25,25,201205040BOS,5.3,20.9,2nd quarter,11:38.0,Jannero Pargo,ATL,False,3-pointer,25,19-17,'BOS',leads
26,26,26,201205040BOS,0.6,6.9,2nd quarter,11:14.0,Willie Green,ATL,False,3-pointer,23,19-17,'BOS',leads
27,27,27,201205040BOS,21.4,6.1,2nd quarter,9:30.0,Tracy McGrady,ATL,False,2-pointer,3,19-17,'BOS',leads
28,28,28,201205040BOS,23.8,6.4,2nd quarter,9:13.0,Tracy McGrady,ATL,True,2-pointer,1,21-17,'BOS',leads
29,29,29,201205040BOS,23.8,4.5,2nd quarter,8:53.0,Jeff Teague,ATL,True,2-pointer,1,23-17,'BOS',leads
30,30,30,201205040BOS,45.7,15.7,2nd quarter,8:12.0,Kirk Hinrich,ATL,False,3-pointer,24,23-20,'BOS',leads
31,31,31,201205040BOS,32.8,23.4,2nd quarter,7:26.0,Tracy McGrady,ATL,True,2-pointer,20,25-22,'BOS',leads
32,32,32,201205040BOS,24.0,5.3,2nd quarter,7:05.0,Tracy McGrady,ATL,True,2-pointer,0,27-22,'BOS',leads
33,33,33,201205040BOS,28.0,6.6,2nd quarter,7:02.0,Marvin Williams,ATL,False,2-pointer,4,27-22,'BOS',leads
34,34,34,201205040BOS,4.2,5.9,2nd quarter,6:25.0,Marvin Williams,ATL,False,2-pointer,20,27-24,'BOS',leads
35,35,35,201205040BOS,18.0,20.4,2nd quarter,5:58.0,Joe Johnson,ATL,False,2-pointer,17,27-26,'BOS',leads
36,36,36,201205040BOS,15.9,9.7,2nd quarter,5:24.0,Joe Johnson,ATL,True,2-pointer,9,29-28,'BOS',leads
37,37,37,201205040BOS,19.5,22.3,2nd quarter,4:48.0,Marvin Williams,ATL,False,2-pointer,18,29-30,'BOS',trails
38,38,38,201205040BOS,15.8,11.7,2nd quarter,4:23.0,Joe Johnson,ATL,False,2-pointer,11,30-30,'BOS',tied
39,39,39,201205040BOS,25.3,5.3,2nd quarter,4:03.0,Joe Johnson,ATL,True,2-pointer,1,32-32,'BOS',tied
40,40,40,201205040BOS,24.0,5.7,2nd quarter,3:37.0,Jeff Teague,ATL,True,2-pointer,1,34-32,'BOS',leads
41,41,41,201205040BOS,21.1,13.2,2nd quarter,2:40.0,Tracy McGrady,ATL,True,2-pointer,9,36-34,'BOS',leads
42,42,42,201205040BOS,19.2,9.2,2nd quarter,2:20.0,Joe Johnson,ATL,False,2-pointer,6,36-34,'BOS',leads
43,43,43,201205040BOS,25.0,4.8,2nd quarter,2:17.0,Tracy McGrady,ATL,True,2-pointer,1,38-34,'BOS',leads
44,44,44,201205040BOS,30.5,11.4,2nd quarter,1:38.0,Joe Johnson,ATL,False,2-pointer,9,38-36,'BOS',leads
45,45,45,201205040BOS,11.5,27.8,2nd quarter,1:17.0,Tracy McGrady,ATL,False,3-pointer,26,38-36,'BOS',leads
46,46,46,201205040BOS,15.0,29.2,2nd quarter,0:39.9,Tracy McGrady,ATL,False,3-pointer,26,38-38,'BOS',tied
47,47,47,201205040BOS,23.6,20.9,2nd quarter,0:01.9,Joe Johnson,ATL,False,2-pointer,16,38-40,'BOS',trails
48,48,48,201205040BOS,17.8,30.0,3rd quarter,11:41.0,Joe Johnson,ATL,False,3-pointer,26,38-40,'BOS',trails
49,49,49,201205040BOS,4.7,20.3,3rd quarter,11:01.0,Kirk Hinrich,ATL,False,3-pointer,25,38-40,'BOS',trails
50,50,50,201205040BOS,32.3,23.3,3rd quarter,10:21.0,Joe Johnson,ATL,False,2-pointer,20,38-42,'BOS',trails
51,51,51,201205040BOS,18.4,16.5,3rd quarter,8:18.0,Jeff Teague,ATL,True,2-pointer,13,42-44,'BOS',trails
52,52,52,201205040BOS,16.2,19.5,3rd quarter,7:49.0,Jeff Teague,ATL,False,2-pointer,16,42-46,'BOS',trails
53,53,53,201205040BOS,3.3,6.1,3rd quarter,7:37.0,Marvin Williams,ATL,False,2-pointer,21,42-46,'BOS',trails
54,54,54,201205040BOS,22.9,6.1,3rd quarter,6:43.0,Erick Dampier,ATL,True,2-pointer,2,44-48,'BOS',trails
55,55,55,201205040BOS,35.9,27.4,3rd quarter,5:22.0,Joe Johnson,ATL,True,3-pointer,25,47-50,'BOS',trails
56,56,56,201205040BOS,24.0,6.7,3rd quarter,4:58.0,Jeff Teague,ATL,True,2-pointer,2,49-50,'BOS',trails
57,57,57,201205040BOS,12.8,8.1,3rd quarter,4:16.0,Joe Johnson,ATL,False,2-pointer,12,49-50,'BOS',trails
58,58,58,201205040BOS,25.3,5.6,3rd quarter,4:04.0,Joe Johnson,ATL,True,2-pointer,1,51-50,'BOS',leads
59,59,59,201205040BOS,46.3,8.1,3rd quarter,3:22.0,Joe Johnson,ATL,False,3-pointer,23,51-50,'BOS',leads
60,60,60,201205040BOS,34.5,22.3,3rd quarter,2:40.0,Joe Johnson,ATL,True,2-pointer,20,53-52,'BOS',leads
61,61,61,201205040BOS,25.8,4.7,3rd quarter,1:31.0,Ivan Johnson,ATL,True,2-pointer,2,56-54,'BOS',leads
62,62,62,201205040BOS,31.3,17.6,3rd quarter,0:06.2,Jeff Teague,ATL,True,2-pointer,15,58-60,'BOS',trails
63,63,63,201205040BOS,22.4,4.8,4th quarter,11:37.0,Jeff Teague,ATL,True,2-pointer,2,60-60,'BOS',tied
64,64,64,201205040BOS,22.5,5.9,4th quarter,9:40.0,Erick Dampier,ATL,True,2-pointer,2,64-65,'BOS',trails
65,65,65,201205040BOS,32.8,18.4,4th quarter,8:59.0,Tracy McGrady,ATL,False,2-pointer,16,64-67,'BOS',trails
66,66,66,201205040BOS,38.0,9.4,4th quarter,8:13.0,Joe Johnson,ATL,False,2-pointer,15,65-72,'BOS',trails
67,67,67,201205040BOS,15.6,13.0,4th quarter,7:43.0,Jeff Teague,ATL,False,2-pointer,12,65-72,'BOS',trails
68,68,68,201205040BOS,30.7,30.8,4th quarter,7:16.0,Jeff Teague,ATL,False,3-pointer,27,65-74,'BOS',trails
69,69,69,201205040BOS,23.5,6.1,4th quarter,6:32.0,Joe Johnson,ATL,False,2-pointer,1,65-76,'BOS',trails
70,70,70,201205040BOS,23.5,7.2,4th quarter,5:57.0,Jeff Teague,ATL,True,2-pointer,2,67-76,'BOS',trails
71,71,71,201205040BOS,24.2,5.4,4th quarter,5:30.0,Jeff Teague,ATL,True,2-pointer,0,69-76,'BOS',trails
72,72,72,201205040BOS,22.5,5.0,4th quarter,4:28.0,Joe Johnson,ATL,False,2-pointer,2,72-78,'BOS',trails
73,73,73,201205040BOS,31.5,28.6,4th quarter,3:21.0,Jeff Teague,ATL,False,3-pointer,25,72-80,'BOS',trails
74,74,74,201205040BOS,0.9,10.5,4th quarter,2:31.0,Willie Green,ATL,True,3-pointer,24,75-80,'BOS',trails
75,75,75,201205040BOS,32.4,13.2,4th quarter,1:48.0,Joe Johnson,ATL,True,2-pointer,12,77-80,'BOS',trails
76,76,76,201205040BOS,15.4,29.4,4th quarter,1:23.0,Joe Johnson,ATL,True,3-pointer,26,80-80,'BOS',tied
77,77,77,201205040BOS,22.5,5.1,4th quarter,0:53.9,Tracy McGrady,ATL,False,2-pointer,2,80-80,'BOS',tied
78,78,78,201205040BOS,39.5,18.1,4th quarter,0:16.9,Willie Green,ATL,False,2-pointer,20,80-80,'BOS',tied
79,79,79,201205040BOS,22.9,9.5,1st overtime,4:22.0,Joe Johnson,ATL,False,2-pointer,5,80-82,'BOS',trails
80,80,80,201205040BOS,9.0,4.8,1st overtime,4:17.0,Tracy McGrady,ATL,False,2-pointer,15,80-82,'BOS',trails
81,81,81,201205040BOS,24.1,5.1,1st overtime,4:13.0,Willie Green,ATL,True,2-pointer,0,82-82,'BOS',tied
82,82,82,201205040BOS,25.2,4.8,1st overtime,3:26.0,Jeff Teague,ATL,False,2-pointer,1,82-84,'BOS',trails
83,83,83,201205040BOS,17.6,15.4,1st overtime,2:57.0,Willie Green,ATL,False,2-pointer,12,82-84,'BOS',trails
84,84,84,201205040BOS,15.6,18.7,1st overtime,2:25.0,Tracy McGrady,ATL,False,2-pointer,16,82-86,'BOS',trails
85,85,85,201205040BOS,23.6,5.9,1st overtime,1:45.0,Joe Johnson,ATL,True,2-pointer,1,84-86,'BOS',trails
86,86,86,201205040BOS,32.4,12.4,1st overtime,0:48.9,Joe Johnson,ATL,False,2-pointer,11,84-86,'BOS',trails
87,87,87,201205040BOS,35.3,28.0,1st overtime,0:23.8,Joe Johnson,ATL,False,3-pointer,26,84-88,'BOS',trails
88,88,88,201205040BOS,36.4,27.2,1st overtime,0:16.9,Tracy McGrady,ATL,False,3-pointer,25,84-89,'BOS',trails
89,89,89,201205040BOS,12.6,28.0,1st overtime,0:04.9,Vladimir Radmanović,ATL,False,3-pointer,26,84-90,'BOS',trails
90,90,90,201205040BOS,25.5,5.7,1st quarter,11:41.0,Rajon Rondo,BOS,False,2-pointer,2,0-0,'BOS',tied
91,91,91,201205040BOS,17.5,21.2,1st quarter,11:03.0,Paul Pierce,BOS,False,2-pointer,17,0-0,'BOS',tied
92,92,92,201205040BOS,0.5,14.4,1st quarter,10:15.0,Paul Pierce,BOS,False,3-pointer,25,2-2,'BOS',tied
93,93,93,201205040BOS,24.0,6.2,1st quarter,9:43.0,Avery Bradley,BOS,True,2-pointer,1,4-4,'BOS',tied
94,94,94,201205040BOS,24.9,28.0,1st quarter,9:12.0,Kevin Garnett,BOS,True,2-pointer,23,6-6,'BOS',tied
95,95,95,201205040BOS,27.7,8.2,1st quarter,8:47.0,Avery Bradley,BOS,False,2-pointer,5,6-6,'BOS',tied
96,96,96,201205040BOS,7.4,4.7,1st quarter,8:29.0,Kevin Garnett,BOS,True,2-pointer,17,8-9,'BOS',trails
97,97,97,201205040BOS,23.5,22.9,1st quarter,7:40.0,Kevin Garnett,BOS,False,2-pointer,18,10-9,'BOS',leads
98,98,98,201205040BOS,29.1,21.5,1st quarter,7:08.0,Paul Pierce,BOS,False,2-pointer,17,10-11,'BOS',trails
99,99,99,201205040BOS,15.3,19.5,1st quarter,6:49.0,Rajon Rondo,BOS,False,2-pointer,17,10-11,'BOS',trails
100,100,100,201205040BOS,22.7,5.6,1st quarter,6:25.0,Rajon Rondo,BOS,False,2-pointer,1,10-11,'BOS',trails
101,101,101,201205040BOS,46.5,11.7,1st quarter,5:59.0,Avery Bradley,BOS,True,3-pointer,23,13-11,'BOS',leads
102,102,102,201205040BOS,23.2,7.5,1st quarter,5:15.0,Greg Stiemsma,BOS,False,2-pointer,3,13-13,'BOS',tied
103,103,103,201205040BOS,10.4,6.1,1st quarter,4:07.0,Ray Allen,BOS,True,2-pointer,14,15-18,'BOS',trails
104,104,104,201205040BOS,45.7,15.7,1st quarter,3:29.0,Ray Allen,BOS,False,3-pointer,24,15-18,'BOS',trails
105,105,105,201205040BOS,12.3,8.3,1st quarter,3:21.0,Brandon Bass,BOS,False,2-pointer,12,15-18,'BOS',trails
106,106,106,201205040BOS,22.1,9.8,1st quarter,2:23.0,Kevin Garnett,BOS,False,2-pointer,5,15-19,'BOS',trails
107,107,107,201205040BOS,9.9,17.9,1st quarter,1:54.0,Kevin Garnett,BOS,False,2-pointer,19,15-19,'BOS',trails
108,108,108,201205040BOS,36.2,21.0,1st quarter,1:34.0,Ray Allen,BOS,True,2-pointer,20,17-19,'BOS',trails
109,109,109,201205040BOS,38.3,17.7,1st quarter,0:57.9,Kevin Garnett,BOS,False,2-pointer,19,17-19,'BOS',trails
110,110,110,201205040BOS,20.2,15.5,1st quarter,0:30.9,Ray Allen,BOS,False,2-pointer,11,17-19,'BOS',trails
111,111,111,201205040BOS,15.0,25.1,2nd quarter,10:06.0,Kevin Garnett,BOS,False,2-pointer,22,17-19,'BOS',trails
112,112,112,201205040BOS,14.8,11.4,2nd quarter,9:40.0,Kevin Garnett,BOS,False,2-pointer,11,17-19,'BOS',trails
113,113,113,201205040BOS,0.8,8.9,2nd quarter,8:30.0,Mickaël Piétrus,BOS,True,3-pointer,24,20-23,'BOS',trails
114,114,114,201205040BOS,17.8,13.8,2nd quarter,7:55.0,Ray Allen,BOS,True,2-pointer,11,22-23,'BOS',trails
115,115,115,201205040BOS,33.9,21.7,2nd quarter,7:11.0,Brandon Bass,BOS,False,2-pointer,19,22-25,'BOS',trails
116,116,116,201205040BOS,22.7,5.4,2nd quarter,5:47.0,Kevin Garnett,BOS,True,2-pointer,1,28-27,'BOS',leads
117,117,117,201205040BOS,13.7,8.9,2nd quarter,5:10.0,Kevin Garnett,BOS,True,2-pointer,11,30-29,'BOS',leads
118,118,118,201205040BOS,46.8,8.0,2nd quarter,3:42.0,Avery Bradley,BOS,False,3-pointer,23,32-32,'BOS',tied
119,119,119,201205040BOS,41.1,9.7,2nd quarter,3:17.0,Ray Allen,BOS,True,2-pointer,18,34-34,'BOS',tied
120,120,120,201205040BOS,23.8,13.0,2nd quarter,2:58.0,Paul Pierce,BOS,False,2-pointer,8,34-34,'BOS',tied
121,121,121,201205040BOS,35.0,20.4,2nd quarter,1:54.0,Paul Pierce,BOS,True,2-pointer,19,36-38,'BOS',trails
122,122,122,201205040BOS,9.3,15.2,2nd quarter,1:04.0,Brandon Bass,BOS,True,2-pointer,18,38-38,'BOS',tied
123,123,123,201205040BOS,20.5,19.0,3rd quarter,11:22.0,Kevin Garnett,BOS,False,2-pointer,14,40-38,'BOS',leads
124,124,124,201205040BOS,23.5,6.2,3rd quarter,10:47.0,Rajon Rondo,BOS,True,2-pointer,1,42-38,'BOS',leads
125,125,125,201205040BOS,46.3,10.5,3rd quarter,9:57.0,Rajon Rondo,BOS,False,3-pointer,23,42-38,'BOS',leads
126,126,126,201205040BOS,21.1,29.4,3rd quarter,9:52.0,Paul Pierce,BOS,False,3-pointer,25,42-38,'BOS',leads
127,127,127,201205040BOS,24.2,13.6,3rd quarter,9:22.0,Paul Pierce,BOS,False,2-pointer,9,42-38,'BOS',leads
128,128,128,201205040BOS,42.1,17.6,3rd quarter,8:51.0,Brandon Bass,BOS,False,2-pointer,22,42-40,'BOS',leads
129,129,129,201205040BOS,26.1,8.1,3rd quarter,8:49.0,Kevin Garnett,BOS,True,2-pointer,4,44-40,'BOS',leads
130,130,130,201205040BOS,23.5,5.0,3rd quarter,8:01.0,Brandon Bass,BOS,True,2-pointer,1,46-42,'BOS',leads
131,131,131,201205040BOS,24.0,4.5,3rd quarter,7:30.0,Kevin Garnett,BOS,True,2-pointer,1,48-42,'BOS',leads
132,132,132,201205040BOS,16.9,18.7,3rd quarter,6:21.0,Rajon Rondo,BOS,False,2-pointer,15,48-44,'BOS',leads
133,133,133,201205040BOS,15.8,20.4,3rd quarter,4:36.0,Rajon Rondo,BOS,False,2-pointer,17,50-49,'BOS',leads
134,134,134,201205040BOS,24.2,7.6,3rd quarter,4:09.0,Rajon Rondo,BOS,False,2-pointer,3,50-49,'BOS',leads
135,135,135,201205040BOS,23.0,6.7,3rd quarter,3:36.0,Avery Bradley,BOS,False,2-pointer,2,50-51,'BOS',trails
136,136,136,201205040BOS,17.8,21.0,3rd quarter,2:23.0,Brandon Bass,BOS,True,2-pointer,17,54-53,'BOS',leads
137,137,137,201205040BOS,10.1,25.1,3rd quarter,1:49.0,Ray Allen,BOS,False,3-pointer,24,54-54,'BOS',tied
138,138,138,201205040BOS,25.0,6.1,3rd quarter,1:16.0,Ray Allen,BOS,True,2-pointer,1,56-56,'BOS',tied
139,139,139,201205040BOS,24.7,6.5,3rd quarter,0:25.7,Rajon Rondo,BOS,True,2-pointer,2,60-56,'BOS',leads
140,140,140,201205040BOS,15.1,11.4,3rd quarter,0:00.0,Rajon Rondo,BOS,False,2-pointer,11,60-58,'BOS',leads
141,141,141,201205040BOS,37.6,25.5,4th quarter,11:09.0,Mickaël Piétrus,BOS,True,3-pointer,25,63-60,'BOS',leads
142,142,142,201205040BOS,24.1,5.1,4th quarter,10:31.0,Ray Allen,BOS,True,2-pointer,0,65-60,'BOS',leads
143,143,143,201205040BOS,18.6,5.0,4th quarter,9:51.0,Ray Allen,BOS,False,2-pointer,5,65-62,'BOS',leads
144,144,144,201205040BOS,23.2,5.4,4th quarter,9:20.0,Rajon Rondo,BOS,True,2-pointer,1,67-64,'BOS',leads
145,145,145,201205040BOS,0.9,8.4,4th quarter,8:49.0,Paul Pierce,BOS,True,3-pointer,23,70-64,'BOS',leads
146,146,146,201205040BOS,24.2,4.4,4th quarter,8:37.0,Rajon Rondo,BOS,True,2-pointer,1,72-64,'BOS',leads
147,147,147,201205040BOS,47.3,13.3,4th quarter,8:00.0,Ray Allen,BOS,False,3-pointer,25,72-65,'BOS',leads
148,148,148,201205040BOS,32.9,22.6,4th quarter,6:58.0,Kevin Garnett,BOS,True,2-pointer,20,76-65,'BOS',leads
149,149,149,201205040BOS,0.1,8.4,4th quarter,6:25.0,Mickaël Piétrus,BOS,False,3-pointer,24,76-65,'BOS',leads
150,150,150,201205040BOS,15.6,7.8,4th quarter,5:34.0,Kevin Garnett,BOS,False,2-pointer,9,76-67,'BOS',leads
151,151,151,201205040BOS,19.9,10.0,4th quarter,5:15.0,Kevin Garnett,BOS,True,2-pointer,6,78-70,'BOS',leads
152,152,152,201205040BOS,23.8,5.4,4th quarter,4:02.0,Rajon Rondo,BOS,True,2-pointer,0,80-72,'BOS',leads
153,153,153,201205040BOS,18.4,22.2,4th quarter,3:43.0,Rajon Rondo,BOS,False,2-pointer,18,80-72,'BOS',leads
154,154,154,201205040BOS,26.9,20.4,4th quarter,3:01.0,Paul Pierce,BOS,False,2-pointer,16,80-72,'BOS',leads
155,155,155,201205040BOS,24.7,6.1,4th quarter,2:58.0,Rajon Rondo,BOS,False,2-pointer,1,80-72,'BOS',leads
156,156,156,201205040BOS,24.7,6.2,4th quarter,2:47.0,Rajon Rondo,BOS,False,2-pointer,1,80-72,'BOS',leads
157,157,157,201205040BOS,32.3,15.2,4th quarter,2:10.0,Paul Pierce,BOS,False,2-pointer,13,80-75,'BOS',leads
158,158,158,201205040BOS,26.8,5.1,4th quarter,1:09.0,Rajon Rondo,BOS,False,2-pointer,3,80-80,'BOS',tied
159,159,159,201205040BOS,15.0,20.3,4th quarter,0:40.8,Kevin Garnett,BOS,False,2-pointer,18,80-80,'BOS',tied
160,160,160,201205040BOS,32.6,23.7,4th quarter,0:00.0,Paul Pierce,BOS,False,2-pointer,21,80-80,'BOS',tied
161,161,161,201205040BOS,24.0,5.6,1st overtime,4:44.0,Rajon Rondo,BOS,True,2-pointer,1,82-80,'BOS',leads
162,162,162,201205040BOS,23.5,8.0,1st overtime,3:48.0,Rajon Rondo,BOS,True,2-pointer,3,84-82,'BOS',leads
163,163,163,201205040BOS,22.4,6.7,1st overtime,3:34.0,Rajon Rondo,BOS,False,2-pointer,2,84-82,'BOS',leads
164,164,164,201205040BOS,24.0,16.3,1st overtime,2:44.0,Paul Pierce,BOS,True,2-pointer,11,86-82,'BOS',leads
165,165,165,201205040BOS,47.0,10.0,1st overtime,2:01.0,Ray Allen,BOS,False,3-pointer,24,86-82,'BOS',leads
166,166,166,201205040BOS,13.1,16.0,1st overtime,1:20.0,Rajon Rondo,BOS,False,2-pointer,15,86-84,'BOS',leads
167,167,167,201205040BOS,25.0,7.3,1st overtime,0:29.1,Rajon Rondo,BOS,False,2-pointer,3,86-84,'BOS',leads
168,168,168,201205040BOS,24.4,5.7,1st overtime,0:28.1,Kevin Garnett,BOS,True,2-pointer,1,88-84,'BOS',leads
169,169,169,201205040DEN,43.8,8.0,1st quarter,11:44.0,Devin Ebanks,LAL,True,2-pointer,20,2-0,'LAL',leads
170,170,170,201205040DEN,8.7,11.0,1st quarter,11:03.0,Kobe Bryant,LAL,False,2-pointer,16,2-0,'LAL',leads
171,171,171,201205040DEN,10.4,6.9,1st quarter,10:33.0,Pau Gasol,LAL,True,2-pointer,14,4-0,'LAL',leads
172,172,172,201205040DEN,25.7,25.5,1st quarter,10:03.0,Pau Gasol,LAL,False,2-pointer,21,4-0,'LAL',leads
173,173,173,201205040DEN,21.4,6.2,1st quarter,9:41.0,Andrew Bynum,LAL,False,2-pointer,3,4-1,'LAL',leads
174,174,174,201205040DEN,35.8,17.7,1st quarter,9:35.0,Pau Gasol,LAL,False,2-pointer,17,4-1,'LAL',leads
175,175,175,201205040DEN,22.4,5.4,1st quarter,9:04.0,Kobe Bryant,LAL,True,2-pointer,2,6-3,'LAL',leads
176,176,176,201205040DEN,43.6,22.0,1st quarter,8:19.0,Ramon Sessions,LAL,False,3-pointer,26,6-5,'LAL',leads
177,177,177,201205040DEN,3.5,5.4,1st quarter,7:51.0,Devin Ebanks,LAL,False,2-pointer,21,6-7,'LAL',trails
178,178,178,201205040DEN,21.4,6.4,1st quarter,7:07.0,Devin Ebanks,LAL,True,2-pointer,3,8-7,'LAL',leads
179,179,179,201205040DEN,25.5,5.1,1st quarter,6:26.0,Pau Gasol,LAL,True,2-pointer,2,10-10,'LAL',tied
180,180,180,201205040DEN,20.8,23.4,1st quarter,5:56.0,Kobe Bryant,LAL,True,2-pointer,19,12-10,'LAL',leads
181,181,181,201205040DEN,28.2,20.7,1st quarter,4:59.0,Devin Ebanks,LAL,False,2-pointer,16,12-12,'LAL',tied
182,182,182,201205040DEN,47.6,6.9,1st quarter,3:54.0,Pau Gasol,LAL,False,3-pointer,24,12-16,'LAL',trails
183,183,183,201205040DEN,25.5,7.8,1st quarter,3:29.0,Devin Ebanks,LAL,False,2-pointer,3,12-16,'LAL',trails
184,184,184,201205040DEN,6.6,17.3,1st quarter,3:01.0,Kobe Bryant,LAL,True,2-pointer,21,14-19,'LAL',trails
185,185,185,201205040DEN,4.4,9.2,1st quarter,2:28.0,Kobe Bryant,LAL,False,2-pointer,20,14-21,'LAL',trails
186,186,186,201205040DEN,8.0,24.2,1st quarter,1:02.0,Matt Barnes,LAL,False,3-pointer,25,14-25,'LAL',trails
187,187,187,201205040DEN,33.2,6.7,1st quarter,0:33.9,Andrew Bynum,LAL,False,2-pointer,9,14-27,'LAL',trails
188,188,188,201205040DEN,14.0,16.5,2nd quarter,11:24.0,Ramon Sessions,LAL,False,2-pointer,15,14-33,'LAL',trails
189,189,189,201205040DEN,1.6,5.6,2nd quarter,10:16.0,Matt Barnes,LAL,True,3-pointer,22,17-38,'LAL',trails
190,190,190,201205040DEN,47.7,7.2,2nd quarter,9:41.0,Ramon Sessions,LAL,False,3-pointer,24,17-41,'LAL',trails
191,191,191,201205040DEN,25.2,5.3,2nd quarter,9:35.0,Pau Gasol,LAL,True,2-pointer,1,19-41,'LAL',trails
192,192,192,201205040DEN,25.7,5.0,2nd quarter,9:18.0,Ramon Sessions,LAL,True,2-pointer,2,21-41,'LAL',trails
193,193,193,201205040DEN,1.7,4.5,2nd quarter,8:36.0,Steve Blake,LAL,True,3-pointer,22,24-41,'LAL',trails
194,194,194,201205040DEN,26.8,5.0,2nd quarter,8:00.0,Matt Barnes,LAL,True,2-pointer,3,26-41,'LAL',trails
195,195,195,201205040DEN,42.5,7.0,2nd quarter,7:40.0,Matt Barnes,LAL,False,2-pointer,19,26-41,'LAL',trails
196,196,196,201205040DEN,29.4,31.0,2nd quarter,7:04.0,Kobe Bryant,LAL,True,3-pointer,27,29-43,'LAL',trails
197,197,197,201205040DEN,27.4,23.7,2nd quarter,6:16.0,Kobe Bryant,LAL,False,2-pointer,19,31-45,'LAL',trails
198,198,198,201205040DEN,10.6,14.3,2nd quarter,5:49.0,Kobe Bryant,LAL,False,2-pointer,16,31-45,'LAL',trails
199,199,199,201205040DEN,0.9,4.7,2nd quarter,5:25.0,Kobe Bryant,LAL,True,3-pointer,23,34-45,'LAL',trails
200,200,200,201205040DEN,10.6,27.2,2nd quarter,4:45.0,Matt Barnes,LAL,False,3-pointer,26,34-45,'LAL',trails
201,201,201,201205040DEN,22.9,30.8,2nd quarter,4:12.0,Kobe Bryant,LAL,False,3-pointer,26,34-45,'LAL',trails
202,202,202,201205040DEN,19.4,9.6,2nd quarter,4:09.0,Andrew Bynum,LAL,False,2-pointer,7,34-45,'LAL',trails
203,203,203,201205040DEN,23.8,4.8,2nd quarter,4:06.0,Matt Barnes,LAL,False,2-pointer,0,34-45,'LAL',trails
204,204,204,201205040DEN,8.8,25.1,2nd quarter,3:36.0,Steve Blake,LAL,False,3-pointer,25,34-45,'LAL',trails
205,205,205,201205040DEN,22.2,5.6,2nd quarter,2:29.0,Ramon Sessions,LAL,True,2-pointer,2,36-49,'LAL',trails
206,206,206,201205040DEN,13.2,11.1,2nd quarter,1:52.0,Kobe Bryant,LAL,False,2-pointer,12,36-51,'LAL',trails
207,207,207,201205040DEN,22.7,5.7,2nd quarter,1:06.0,Pau Gasol,LAL,True,2-pointer,1,38-53,'LAL',trails
208,208,208,201205040DEN,29.8,10.2,2nd quarter,0:37.9,Ramon Sessions,LAL,False,2-pointer,8,38-55,'LAL',trails
209,209,209,201205040DEN,26.1,31.3,2nd quarter,0:03.1,Kobe Bryant,LAL,False,3-pointer,26,39-55,'LAL',trails
210,210,210,201205040DEN,23.8,10.0,3rd quarter,11:15.0,Kobe Bryant,LAL,False,2-pointer,5,39-55,'LAL',trails
211,211,211,201205040DEN,34.3,7.5,3rd quarter,10:32.0,Andrew Bynum,LAL,False,2-pointer,11,41-55,'LAL',trails
212,212,212,201205040DEN,24.4,5.7,3rd quarter,10:14.0,Pau Gasol,LAL,True,2-pointer,1,43-55,'LAL',trails
213,213,213,201205040DEN,2.2,21.0,3rd quarter,9:29.0,Kobe Bryant,LAL,False,3-pointer,27,43-55,'LAL',trails
214,214,214,201205040DEN,17.3,6.7,3rd quarter,9:00.0,Andrew Bynum,LAL,True,2-pointer,7,45-55,'LAL',trails
215,215,215,201205040DEN,12.9,21.0,3rd quarter,8:23.0,Pau Gasol,LAL,False,2-pointer,19,45-55,'LAL',trails
216,216,216,201205040DEN,26.0,5.0,3rd quarter,8:07.0,Ramon Sessions,LAL,True,2-pointer,2,47-57,'LAL',trails
217,217,217,201205040DEN,23.5,6.7,3rd quarter,7:32.0,Kobe Bryant,LAL,False,2-pointer,2,47-59,'LAL',trails
218,218,218,201205040DEN,40.5,25.6,3rd quarter,7:22.0,Kobe Bryant,LAL,True,3-pointer,26,50-59,'LAL',trails
219,219,219,201205040DEN,12.9,7.0,3rd quarter,6:35.0,Andrew Bynum,LAL,True,2-pointer,11,52-61,'LAL',trails
220,220,220,201205040DEN,10.1,15.4,3rd quarter,6:14.0,Ramon Sessions,LAL,False,2-pointer,17,52-61,'LAL',trails
221,221,221,201205040DEN,28.5,10.0,3rd quarter,5:56.0,Andrew Bynum,LAL,False,2-pointer,7,52-61,'LAL',trails
222,222,222,201205040DEN,22.2,5.0,3rd quarter,5:23.0,Andrew Bynum,LAL,True,2-pointer,2,54-63,'LAL',trails
223,223,223,201205040DEN,46.6,4.7,3rd quarter,4:52.0,Matt Barnes,LAL,False,3-pointer,23,55-65,'LAL',trails
224,224,224,201205040DEN,22.9,5.4,3rd quarter,4:41.0,Pau Gasol,LAL,True,2-pointer,1,57-67,'LAL',trails
225,225,225,201205040DEN,23.0,5.6,3rd quarter,3:59.0,Kobe Bryant,LAL,False,2-pointer,1,57-67,'LAL',trails
226,226,226,201205040DEN,25.7,5.6,3rd quarter,3:53.0,Andrew Bynum,LAL,True,2-pointer,2,59-67,'LAL',trails
227,227,227,201205040DEN,24.9,10.0,3rd quarter,2:53.0,Andrew Bynum,LAL,False,2-pointer,5,60-67,'LAL',trails
228,228,228,201205040DEN,41.1,9.5,3rd quarter,2:49.0,Ramon Sessions,LAL,True,2-pointer,18,62-67,'LAL',trails
229,229,229,201205040DEN,25.3,13.9,3rd quarter,1:24.0,Kobe Bryant,LAL,False,2-pointer,9,62-68,'LAL',trails
230,230,230,201205040DEN,22.7,4.7,3rd quarter,1:18.0,Andrew Bynum,LAL,True,2-pointer,1,64-68,'LAL',trails
231,231,231,201205040DEN,24.9,6.1,3rd quarter,0:48.3,Matt Barnes,LAL,False,2-pointer,1,64-70,'LAL',trails
232,232,232,201205040DEN,5.5,30.8,3rd quarter,0:02.0,Kobe Bryant,LAL,False,3-pointer,32,65-72,'LAL',trails
233,233,233,201205040DEN,7.6,25.1,4th quarter,11:38.0,Ramon Sessions,LAL,False,3-pointer,26,65-72,'LAL',trails
234,234,234,201205040DEN,1.2,7.3,4th quarter,10:37.0,Matt Barnes,LAL,False,3-pointer,23,65-74,'LAL',trails
235,235,235,201205040DEN,12.8,22.8,4th quarter,9:46.0,Ramon Sessions,LAL,True,2-pointer,21,69-76,'LAL',trails
236,236,236,201205040DEN,1.7,6.1,4th quarter,8:40.0,Steve Blake,LAL,False,3-pointer,22,69-80,'LAL',trails
237,237,237,201205040DEN,47.6,5.0,4th quarter,7:53.0,Pau Gasol,LAL,True,3-pointer,24,72-80,'LAL',trails
238,238,238,201205040DEN,47.7,9.7,4th quarter,6:40.0,Kobe Bryant,LAL,False,3-pointer,24,74-82,'LAL',trails
239,239,239,201205040DEN,25.7,23.6,4th quarter,5:35.0,Pau Gasol,LAL,False,2-pointer,19,74-84,'LAL',trails
240,240,240,201205040DEN,0.5,7.3,4th quarter,4:34.0,Steve Blake,LAL,False,3-pointer,24,76-86,'LAL',trails
241,241,241,201205040DEN,21.9,11.4,4th quarter,3:31.0,Ramon Sessions,LAL,False,2-pointer,7,78-86,'LAL',trails
242,242,242,201205040DEN,3.6,20.3,4th quarter,3:12.0,Kobe Bryant,LAL,False,3-pointer,26,78-86,'LAL',trails
243,243,243,201205040DEN,22.9,3.9,4th quarter,1:27.0,Pau Gasol,LAL,False,2-pointer,2,81-90,'LAL',trails
244,244,244,201205040DEN,20.0,30.2,4th quarter,1:10.0,Ramon Sessions,LAL,False,3-pointer,26,81-90,'LAL',trails
245,245,245,201205040DEN,28.7,30.5,4th quarter,0:40.9,Kobe Bryant,LAL,False,3-pointer,26,81-93,'LAL',trails
246,246,246,201205040DEN,23.2,6.4,4th quarter,0:25.1,Kobe Bryant,LAL,True,2-pointer,2,83-97,'LAL',trails
247,247,247,201205040DEN,42.2,8.4,1st quarter,11:26.0,Arron Afflalo,DEN,False,2-pointer,19,0-2,'LAL',trails
248,248,248,201205040DEN,12.6,8.3,1st quarter,10:51.0,Kenneth Faried,DEN,False,2-pointer,12,0-2,'LAL',trails
249,249,249,201205040DEN,20.6,6.4,1st quarter,9:27.0,Danilo Gallinari,DEN,False,2-pointer,4,1-4,'LAL',trails
250,250,250,201205040DEN,25.8,5.6,1st quarter,9:24.0,Timofey Mozgov,DEN,False,2-pointer,2,1-4,'LAL',trails
251,251,251,201205040DEN,25.5,5.4,1st quarter,9:23.0,Kenneth Faried,DEN,True,2-pointer,2,3-4,'LAL',trails
252,252,252,201205040DEN,24.6,22.8,1st quarter,8:53.0,Ty Lawson,DEN,False,2-pointer,18,3-6,'LAL',trails
253,253,253,201205040DEN,21.4,5.3,1st quarter,8:36.0,Danilo Gallinari,DEN,False,2-pointer,3,3-6,'LAL',trails
254,254,254,201205040DEN,25.3,5.0,1st quarter,8:35.0,Kenneth Faried,DEN,True,2-pointer,1,5-6,'LAL',trails
255,255,255,201205040DEN,24.2,11.9,1st quarter,8:09.0,Kenneth Faried,DEN,False,2-pointer,7,5-6,'LAL',trails
256,256,256,201205040DEN,22.1,5.7,1st quarter,8:07.0,Danilo Gallinari,DEN,True,2-pointer,2,7-6,'LAL',leads
257,257,257,201205040DEN,22.9,8.0,1st quarter,7:33.0,Timofey Mozgov,DEN,False,2-pointer,3,7-6,'LAL',leads
258,258,258,201205040DEN,21.6,22.2,1st quarter,7:28.0,Kenneth Faried,DEN,False,2-pointer,17,7-6,'LAL',leads
259,259,259,201205040DEN,0.1,6.4,1st quarter,6:44.0,Arron Afflalo,DEN,True,3-pointer,24,10-8,'LAL',leads
260,260,260,201205040DEN,24.2,22.0,1st quarter,5:34.0,Arron Afflalo,DEN,True,2-pointer,17,12-12,'LAL',tied
261,261,261,201205040DEN,21.4,5.7,1st quarter,4:35.0,Ty Lawson,DEN,True,2-pointer,3,14-12,'LAL',leads
262,262,262,201205040DEN,24.7,5.9,1st quarter,4:12.0,Ty Lawson,DEN,True,2-pointer,1,16-12,'LAL',leads
263,263,263,201205040DEN,26.0,5.0,1st quarter,3:47.0,Kenneth Faried,DEN,False,2-pointer,2,16-12,'LAL',leads
264,264,264,201205040DEN,24.9,5.6,1st quarter,3:43.0,JaVale McGee,DEN,False,2-pointer,1,16-12,'LAL',leads
265,265,265,201205040DEN,46.5,11.9,1st quarter,3:21.0,Arron Afflalo,DEN,True,3-pointer,24,19-12,'LAL',leads
266,266,266,201205040DEN,11.5,8.0,1st quarter,2:13.0,Ty Lawson,DEN,True,2-pointer,13,23-14,'LAL',leads
267,267,267,201205040DEN,22.9,5.3,1st quarter,1:33.0,Ty Lawson,DEN,True,2-pointer,1,25-14,'LAL',leads
268,268,268,201205040DEN,19.5,31.3,1st quarter,1:15.0,Ty Lawson,DEN,False,3-pointer,27,25-14,'LAL',leads
269,269,269,201205040DEN,22.7,10.5,1st quarter,0:53.2,JaVale McGee,DEN,True,2-pointer,6,27-14,'LAL',leads
270,270,270,201205040DEN,26.0,5.4,1st quarter,0:24.9,Ty Lawson,DEN,True,2-pointer,2,29-14,'LAL',leads
271,271,271,201205040DEN,47.3,10.0,2nd quarter,11:43.0,Corey Brewer,DEN,True,3-pointer,24,33-14,'LAL',leads
272,272,272,201205040DEN,22.1,5.1,2nd quarter,11:02.0,JaVale McGee,DEN,True,2-pointer,2,35-14,'LAL',leads
273,273,273,201205040DEN,1.6,6.5,2nd quarter,10:32.0,Al Harrington,DEN,True,3-pointer,22,38-14,'LAL',leads
274,274,274,201205040DEN,9.3,14.3,2nd quarter,10:03.0,Andre Miller,DEN,False,2-pointer,17,38-17,'LAL',leads
275,275,275,201205040DEN,3.0,18.5,2nd quarter,9:59.0,Ty Lawson,DEN,True,3-pointer,25,41-17,'LAL',leads
276,276,276,201205040DEN,21.4,6.4,2nd quarter,9:22.0,Andre Miller,DEN,False,2-pointer,3,41-19,'LAL',leads
277,277,277,201205040DEN,2.3,18.7,2nd quarter,8:54.0,Al Harrington,DEN,False,3-pointer,26,41-21,'LAL',leads
278,278,278,201205040DEN,18.9,29.9,2nd quarter,8:17.0,Danilo Gallinari,DEN,False,3-pointer,25,41-24,'LAL',leads
279,279,279,201205040DEN,25.8,5.0,2nd quarter,8:10.0,Corey Brewer,DEN,False,2-pointer,2,41-24,'LAL',leads
280,280,280,201205040DEN,24.2,29.4,2nd quarter,7:49.0,Corey Brewer,DEN,False,3-pointer,24,41-26,'LAL',leads
281,281,281,201205040DEN,35.0,10.2,2nd quarter,6:30.0,Andre Miller,DEN,True,2-pointer,12,45-31,'LAL',leads
282,282,282,201205040DEN,12.1,16.2,2nd quarter,6:07.0,Arron Afflalo,DEN,False,2-pointer,16,45-31,'LAL',leads
283,283,283,201205040DEN,33.7,6.4,2nd quarter,5:07.0,Andre Miller,DEN,False,2-pointer,10,45-34,'LAL',leads
284,284,284,201205040DEN,43.8,12.2,2nd quarter,3:49.0,Ty Lawson,DEN,False,2-pointer,21,45-34,'LAL',leads
285,285,285,201205040DEN,25.6,4.4,2nd quarter,3:44.0,Kenneth Faried,DEN,False,2-pointer,2,45-34,'LAL',leads
286,286,286,201205040DEN,22.5,4.5,2nd quarter,3:23.0,JaVale McGee,DEN,True,2-pointer,2,47-34,'LAL',leads
287,287,287,201205040DEN,22.5,4.8,2nd quarter,2:10.0,Kenneth Faried,DEN,True,2-pointer,2,51-36,'LAL',leads
288,288,288,201205040DEN,1.9,19.3,2nd quarter,1:39.0,Arron Afflalo,DEN,False,3-pointer,26,51-36,'LAL',leads
289,289,289,201205040DEN,25.7,5.7,2nd quarter,1:30.0,JaVale McGee,DEN,True,2-pointer,2,53-36,'LAL',leads
290,290,290,201205040DEN,26.9,5.0,2nd quarter,0:52.3,Ty Lawson,DEN,True,2-pointer,3,55-38,'LAL',leads
291,291,291,201205040DEN,40.3,11.1,2nd quarter,0:16.9,Ty Lawson,DEN,False,2-pointer,17,55-39,'LAL',leads
292,292,292,201205040DEN,4.7,21.5,3rd quarter,11:36.0,Danilo Gallinari,DEN,False,3-pointer,25,55-39,'LAL',leads
293,293,293,201205040DEN,37.0,11.9,3rd quarter,10:55.0,Danilo Gallinari,DEN,False,2-pointer,15,55-41,'LAL',leads
294,294,294,201205040DEN,9.4,26.3,3rd quarter,10:20.0,Ty Lawson,DEN,False,3-pointer,26,55-41,'LAL',leads
295,295,295,201205040DEN,25.3,5.3,3rd quarter,9:49.0,Arron Afflalo,DEN,False,2-pointer,1,55-43,'LAL',leads
296,296,296,201205040DEN,20.5,23.6,3rd quarter,9:14.0,Ty Lawson,DEN,False,2-pointer,19,55-43,'LAL',leads
297,297,297,201205040DEN,26.3,8.4,3rd quarter,8:39.0,Arron Afflalo,DEN,False,2-pointer,4,55-45,'LAL',leads
298,298,298,201205040DEN,24.6,5.6,3rd quarter,7:55.0,Danilo Gallinari,DEN,True,2-pointer,1,59-47,'LAL',leads
299,299,299,201205040DEN,22.5,6.5,3rd quarter,6:59.0,Arron Afflalo,DEN,False,2-pointer,2,59-50,'LAL',leads
300,300,300,201205040DEN,23.8,5.0,3rd quarter,6:53.0,Al Harrington,DEN,True,2-pointer,0,61-50,'LAL',leads
301,301,301,201205040DEN,21.7,5.0,3rd quarter,6:23.0,JaVale McGee,DEN,False,2-pointer,2,61-52,'LAL',leads
302,302,302,201205040DEN,21.6,5.0,3rd quarter,5:49.0,Ty Lawson,DEN,True,2-pointer,2,63-52,'LAL',leads
303,303,303,201205040DEN,25.8,5.1,3rd quarter,5:09.0,JaVale McGee,DEN,True,2-pointer,2,65-55,'LAL',leads
304,304,304,201205040DEN,24.4,5.0,3rd quarter,4:46.0,Ty Lawson,DEN,True,2-pointer,0,67-55,'LAL',leads
305,305,305,201205040DEN,25.8,5.4,3rd quarter,4:21.0,Ty Lawson,DEN,False,2-pointer,2,67-57,'LAL',leads
306,306,306,201205040DEN,25.5,5.4,3rd quarter,3:43.0,Andre Miller,DEN,False,2-pointer,2,67-60,'LAL',leads
307,307,307,201205040DEN,36.5,21.0,3rd quarter,3:34.0,Corey Brewer,DEN,False,2-pointer,20,67-60,'LAL',leads
308,308,308,201205040DEN,20.2,4.8,3rd quarter,3:32.0,JaVale McGee,DEN,False,2-pointer,4,67-60,'LAL',leads
309,309,309,201205040DEN,41.3,11.6,3rd quarter,3:02.0,Andre Miller,DEN,False,2-pointer,19,67-60,'LAL',leads
310,310,310,201205040DEN,23.5,30.7,3rd quarter,2:27.0,Al Harrington,DEN,False,3-pointer,26,67-62,'LAL',leads
311,311,311,201205040DEN,26.8,6.1,3rd quarter,2:14.0,Ty Lawson,DEN,False,2-pointer,3,67-62,'LAL',leads
312,312,312,201205040DEN,25.0,11.7,3rd quarter,1:00.0,JaVale McGee,DEN,True,2-pointer,7,70-64,'LAL',leads
313,313,313,201205040DEN,11.2,9.4,3rd quarter,0:29.9,Andre Miller,DEN,False,2-pointer,14,70-64,'LAL',leads
314,314,314,201205040DEN,26.3,5.3,3rd quarter,0:03.6,Andre Miller,DEN,True,2-pointer,2,72-65,'LAL',leads
315,315,315,201205040DEN,25.5,6.2,4th quarter,11:15.0,Corey Brewer,DEN,False,2-pointer,2,72-65,'LAL',leads
316,316,316,201205040DEN,26.8,21.5,4th quarter,11:04.0,Danilo Gallinari,DEN,False,2-pointer,17,72-65,'LAL',leads
317,317,317,201205040DEN,25.2,5.1,4th quarter,10:59.0,JaVale McGee,DEN,True,2-pointer,1,74-65,'LAL',leads
318,318,318,201205040DEN,22.2,5.4,4th quarter,10:32.0,Kenneth Faried,DEN,True,2-pointer,2,76-67,'LAL',leads
319,319,319,201205040DEN,24.0,5.1,4th quarter,9:25.0,Kenneth Faried,DEN,True,2-pointer,0,78-69,'LAL',leads
320,320,320,201205040DEN,25.0,5.3,4th quarter,8:58.0,Andre Miller,DEN,True,2-pointer,1,80-69,'LAL',leads
321,321,321,201205040DEN,25.2,8.4,4th quarter,8:18.0,Kenneth Faried,DEN,False,2-pointer,4,80-69,'LAL',leads
322,322,322,201205040DEN,20.5,9.2,4th quarter,8:13.0,Corey Brewer,DEN,False,2-pointer,5,80-69,'LAL',leads
323,323,323,201205040DEN,35.0,8.9,4th quarter,7:37.0,Andre Miller,DEN,True,2-pointer,12,82-72,'LAL',leads
324,324,324,201205040DEN,41.6,11.0,4th quarter,6:54.0,Andre Miller,DEN,False,2-pointer,19,82-74,'LAL',leads
325,325,325,201205040DEN,18.1,24.8,4th quarter,6:18.0,Ty Lawson,DEN,False,2-pointer,21,82-74,'LAL',leads
326,326,326,201205040DEN,26.4,5.4,4th quarter,5:53.0,JaVale McGee,DEN,True,2-pointer,2,84-74,'LAL',leads
327,327,327,201205040DEN,31.0,5.4,4th quarter,5:21.0,JaVale McGee,DEN,False,2-pointer,7,84-74,'LAL',leads
328,328,328,201205040DEN,23.4,6.4,4th quarter,5:21.0,Kenneth Faried,DEN,False,2-pointer,2,84-74,'LAL',leads
329,329,329,201205040DEN,26.4,6.5,4th quarter,4:54.0,Timofey Mozgov,DEN,False,2-pointer,3,84-76,'LAL',leads
330,330,330,201205040DEN,26.4,5.7,4th quarter,4:23.0,Kenneth Faried,DEN,False,2-pointer,3,86-76,'LAL',leads
331,331,331,201205040DEN,22.4,4.4,4th quarter,4:21.0,Kenneth Faried,DEN,False,2-pointer,2,86-76,'LAL',leads
332,332,332,201205040DEN,24.0,11.9,4th quarter,3:47.0,Kenneth Faried,DEN,False,2-pointer,7,86-78,'LAL',leads
333,333,333,201205040DEN,11.2,11.1,4th quarter,3:19.0,Ty Lawson,DEN,False,2-pointer,14,86-78,'LAL',leads
334,334,334,201205040DEN,35.0,15.5,4th quarter,2:49.0,Danilo Gallinari,DEN,False,2-pointer,15,86-78,'LAL',leads
335,335,335,201205040DEN,23.6,19.5,4th quarter,2:19.0,Kenneth Faried,DEN,True,2-pointer,15,88-79,'LAL',leads
336,336,336,201205040DEN,1.6,9.8,4th quarter,1:20.0,Danilo Gallinari,DEN,False,3-pointer,23,90-81,'LAL',leads
337,337,337,201205040DEN,47.3,8.3,4th quarter,0:49.8,Andre Miller,DEN,True,3-pointer,24,93-81,'LAL',leads
338,338,338,201205040DEN,25.0,4.4,4th quarter,0:34.9,Danilo Gallinari,DEN,True,2-pointer,1,97-81,'LAL',leads
339,339,339,201205040PHI,20.3,14.7,1st quarter,11:37.0,C.J. Watson,CHI,False,2-pointer,10,0-0,'CHI',tied
340,340,340,201205040PHI,7.6,9.7,1st quarter,11:01.0,Carlos Boozer,CHI,True,2-pointer,17,2-0,'CHI',leads
341,341,341,201205040PHI,31.7,4.4,1st quarter,10:09.0,Luol Deng,CHI,True,2-pointer,8,4-2,'CHI',leads
342,342,342,201205040PHI,26.6,7.8,1st quarter,9:21.0,C.J. Watson,CHI,False,2-pointer,4,4-5,'CHI',trails
343,343,343,201205040PHI,38.7,13.5,1st quarter,9:01.0,Luol Deng,CHI,False,2-pointer,17,4-5,'CHI',trails
344,344,344,201205040PHI,12.9,13.2,1st quarter,8:41.0,Richard Hamilton,CHI,False,2-pointer,14,4-5,'CHI',trails
345,345,345,201205040PHI,25.5,4.5,1st quarter,8:26.0,Carlos Boozer,CHI,True,2-pointer,2,6-5,'CHI',leads
346,346,346,201205040PHI,26.1,5.1,1st quarter,8:03.0,Richard Hamilton,CHI,True,2-pointer,2,8-5,'CHI',leads
347,347,347,201205040PHI,13.2,21.0,1st quarter,7:19.0,C.J. Watson,CHI,False,2-pointer,19,8-7,'CHI',leads
348,348,348,201205040PHI,24.7,5.0,1st quarter,6:46.0,Joakim Noah,CHI,True,2-pointer,1,10-9,'CHI',leads
349,349,349,201205040PHI,18.3,12.2,1st quarter,4:25.0,Carlos Boozer,CHI,True,2-pointer,9,14-13,'CHI',leads
350,350,350,201205040PHI,22.4,5.3,1st quarter,3:41.0,Carlos Boozer,CHI,True,2-pointer,2,16-13,'CHI',leads
351,351,351,201205040PHI,24.4,23.6,1st quarter,2:58.0,Joakim Noah,CHI,False,2-pointer,19,16-15,'CHI',leads
352,352,352,201205040PHI,34.2,3.6,1st quarter,2:30.0,Carlos Boozer,CHI,False,2-pointer,10,16-15,'CHI',leads
353,353,353,201205040PHI,47.4,3.6,1st quarter,2:00.0,Luol Deng,CHI,False,3-pointer,23,16-17,'CHI',trails
354,354,354,201205040PHI,37.8,11.9,1st quarter,1:27.0,Carlos Boozer,CHI,True,2-pointer,15,18-17,'CHI',leads
355,355,355,201205040PHI,12.1,20.1,1st quarter,0:38.9,John Lucas,CHI,False,2-pointer,19,18-17,'CHI',leads
356,356,356,201205040PHI,10.2,13.6,1st quarter,0:00.5,John Lucas,CHI,True,2-pointer,16,20-19,'CHI',leads
357,357,357,201205040PHI,23.8,5.7,2nd quarter,11:17.0,Joakim Noah,CHI,True,2-pointer,1,22-19,'CHI',leads
358,358,358,201205040PHI,10.4,7.3,2nd quarter,10:33.0,Richard Hamilton,CHI,False,2-pointer,14,22-21,'CHI',leads
359,359,359,201205040PHI,0.9,4.0,2nd quarter,10:13.0,Richard Hamilton,CHI,False,3-pointer,23,22-21,'CHI',leads
360,360,360,201205040PHI,22.4,2.6,2nd quarter,10:06.0,Luol Deng,CHI,False,2-pointer,3,22-21,'CHI',leads
361,361,361,201205040PHI,25.3,17.1,2nd quarter,9:11.0,Taj Gibson,CHI,False,2-pointer,12,22-23,'CHI',trails
362,362,362,201205040PHI,24.4,5.3,2nd quarter,8:24.0,Ömer Aşık,CHI,True,2-pointer,1,26-23,'CHI',leads
363,363,363,201205040PHI,7.9,13.9,2nd quarter,7:51.0,John Lucas,CHI,True,2-pointer,18,28-23,'CHI',leads
364,364,364,201205040PHI,22.4,5.1,2nd quarter,7:06.0,Taj Gibson,CHI,False,2-pointer,2,30-25,'CHI',leads
365,365,365,201205040PHI,10.1,16.9,2nd quarter,6:42.0,Kyle Korver,CHI,False,2-pointer,18,30-25,'CHI',leads
366,366,366,201205040PHI,7.7,27.2,2nd quarter,6:25.0,John Lucas,CHI,True,3-pointer,28,33-26,'CHI',leads
367,367,367,201205040PHI,26.0,5.4,2nd quarter,3:23.0,Joakim Noah,CHI,False,2-pointer,2,35-32,'CHI',leads
368,368,368,201205040PHI,38.3,2.5,2nd quarter,3:19.0,Richard Hamilton,CHI,False,2-pointer,15,35-32,'CHI',leads
369,369,369,201205040PHI,1.6,3.7,2nd quarter,3:15.0,John Lucas,CHI,False,3-pointer,22,35-32,'CHI',leads
370,370,370,201205040PHI,13.1,17.3,2nd quarter,2:48.0,Carlos Boozer,CHI,False,2-pointer,16,35-34,'CHI',leads
371,371,371,201205040PHI,18.4,4.4,2nd quarter,2:32.0,Richard Hamilton,CHI,False,2-pointer,6,35-34,'CHI',leads
372,372,372,201205040PHI,38.4,10.6,2nd quarter,2:01.0,Carlos Boozer,CHI,False,2-pointer,15,35-34,'CHI',leads
373,373,373,201205040PHI,25.5,10.3,2nd quarter,0:13.9,Carlos Boozer,CHI,True,2-pointer,6,39-40,'CHI',trails
374,374,374,201205040PHI,24.9,6.9,3rd quarter,10:21.0,Joakim Noah,CHI,True,2-pointer,2,43-40,'CHI',leads
375,375,375,201205040PHI,39.7,6.9,3rd quarter,9:32.0,Carlos Boozer,CHI,True,2-pointer,16,45-40,'CHI',leads
376,376,376,201205040PHI,23.8,8.0,3rd quarter,8:45.0,Joakim Noah,CHI,False,2-pointer,3,45-40,'CHI',leads
377,377,377,201205040PHI,33.2,11.6,3rd quarter,7:27.0,Richard Hamilton,CHI,True,2-pointer,11,49-42,'CHI',leads
378,378,378,201205040PHI,17.3,8.0,3rd quarter,6:52.0,Richard Hamilton,CHI,False,2-pointer,7,49-42,'CHI',leads
379,379,379,201205040PHI,1.6,5.6,3rd quarter,6:26.0,C.J. Watson,CHI,False,3-pointer,22,49-44,'CHI',leads
380,380,380,201205040PHI,12.9,17.1,3rd quarter,5:58.0,Carlos Boozer,CHI,True,2-pointer,16,51-44,'CHI',leads
381,381,381,201205040PHI,46.0,17.6,3rd quarter,5:16.0,Luol Deng,CHI,True,3-pointer,25,54-46,'CHI',leads
382,382,382,201205040PHI,42.1,5.3,3rd quarter,3:25.0,Luol Deng,CHI,False,2-pointer,18,54-47,'CHI',leads
383,383,383,201205040PHI,24.1,5.3,3rd quarter,3:02.0,Taj Gibson,CHI,True,2-pointer,0,56-50,'CHI',leads
384,384,384,201205040PHI,23.6,7.6,3rd quarter,2:24.0,Ömer Aşık,CHI,True,2-pointer,3,58-50,'CHI',leads
385,385,385,201205040PHI,21.6,21.5,3rd quarter,1:43.0,Taj Gibson,CHI,False,2-pointer,17,58-50,'CHI',leads
386,386,386,201205040PHI,6.0,22.5,3rd quarter,1:13.0,Richard Hamilton,CHI,False,3-pointer,25,58-50,'CHI',leads
387,387,387,201205040PHI,11.2,8.6,3rd quarter,0:52.8,Taj Gibson,CHI,True,2-pointer,13,60-50,'CHI',leads
388,388,388,201205040PHI,15.0,19.2,3rd quarter,0:22.9,Richard Hamilton,CHI,False,2-pointer,17,60-51,'CHI',leads
389,389,389,201205040PHI,7.1,4.2,4th quarter,11:36.0,Taj Gibson,CHI,True,2-pointer,17,62-51,'CHI',leads
390,390,390,201205040PHI,33.9,19.2,4th quarter,11:05.0,John Lucas,CHI,False,2-pointer,17,62-53,'CHI',leads
391,391,391,201205040PHI,5.8,7.8,4th quarter,11:01.0,Richard Hamilton,CHI,True,2-pointer,18,64-53,'CHI',leads
392,392,392,201205040PHI,25.7,32.2,4th quarter,10:16.0,Richard Hamilton,CHI,True,3-pointer,27,67-53,'CHI',leads
393,393,393,201205040PHI,48.7,4.7,4th quarter,9:46.0,Kyle Korver,CHI,False,3-pointer,25,67-56,'CHI',leads
394,394,394,201205040PHI,37.0,12.7,4th quarter,9:35.0,Joakim Noah,CHI,True,2-pointer,15,69-56,'CHI',leads
395,395,395,201205040PHI,22.2,20.3,4th quarter,8:54.0,John Lucas,CHI,False,2-pointer,15,69-58,'CHI',leads
396,396,396,201205040PHI,41.7,13.0,4th quarter,8:33.0,Kyle Korver,CHI,False,2-pointer,19,69-58,'CHI',leads
397,397,397,201205040PHI,3.1,21.5,4th quarter,8:11.0,Kyle Korver,CHI,False,3-pointer,27,69-58,'CHI',leads
398,398,398,201205040PHI,24.9,8.9,4th quarter,7:39.0,Richard Hamilton,CHI,False,2-pointer,4,69-60,'CHI',leads
399,399,399,201205040PHI,25.7,14.4,4th quarter,7:10.0,Richard Hamilton,CHI,False,2-pointer,10,69-60,'CHI',leads
400,400,400,201205040PHI,18.1,15.8,4th quarter,6:34.0,Richard Hamilton,CHI,False,2-pointer,12,69-62,'CHI',leads
401,401,401,201205040PHI,22.1,8.7,4th quarter,6:31.0,Carlos Boozer,CHI,False,2-pointer,4,69-62,'CHI',leads
402,402,402,201205040PHI,9.4,5.4,4th quarter,5:55.0,Carlos Boozer,CHI,False,2-pointer,15,69-62,'CHI',leads
403,403,403,201205040PHI,22.7,22.6,4th quarter,5:26.0,Carlos Boozer,CHI,False,2-pointer,18,69-64,'CHI',leads
404,404,404,201205040PHI,32.4,30.0,4th quarter,5:07.0,John Lucas,CHI,False,3-pointer,26,69-64,'CHI',leads
405,405,405,201205040PHI,25.5,6.7,4th quarter,5:03.0,Carlos Boozer,CHI,True,2-pointer,2,71-64,'CHI',leads
406,406,406,201205040PHI,36.5,9.8,4th quarter,3:42.0,Carlos Boozer,CHI,False,2-pointer,13,71-68,'CHI',leads
407,407,407,201205040PHI,29.1,9.7,4th quarter,3:08.0,John Lucas,CHI,False,2-pointer,7,71-70,'CHI',leads
408,408,408,201205040PHI,29.3,13.2,4th quarter,1:40.0,John Lucas,CHI,False,2-pointer,10,71-72,'CHI',trails
409,409,409,201205040PHI,9.8,6.1,4th quarter,1:12.0,Carlos Boozer,CHI,False,2-pointer,14,71-74,'CHI',trails
410,410,410,201205040PHI,41.1,22.8,4th quarter,0:43.8,John Lucas,CHI,True,3-pointer,25,74-75,'CHI',trails
411,411,411,201205040PHI,10.7,26.6,4th quarter,0:16.9,Luol Deng,CHI,False,3-pointer,25,74-77,'CHI',trails
412,412,412,201205040PHI,35.3,10.0,4th quarter,0:03.8,John Lucas,CHI,False,2-pointer,12,74-79,'CHI',trails
413,413,413,201205040PHI,27.9,30.2,4th quarter,0:00.8,Kyle Korver,CHI,False,3-pointer,26,74-79,'CHI',trails
414,414,414,201205040PHI,7.2,13.0,1st quarter,11:21.0,Elton Brand,PHI,False,2-pointer,19,0-0,'CHI',tied
415,415,415,201205040PHI,18.3,19.5,1st quarter,10:36.0,Evan Turner,PHI,False,2-pointer,16,0-2,'CHI',trails
416,416,416,201205040PHI,41.0,24.0,1st quarter,9:41.0,Spencer Hawes,PHI,True,3-pointer,26,5-4,'CHI',leads
417,417,417,201205040PHI,39.1,13.9,1st quarter,8:48.0,Andre Iguodala,PHI,False,2-pointer,18,5-4,'CHI',leads
418,418,418,201205040PHI,0.1,3.9,1st quarter,8:06.0,Evan Turner,PHI,False,3-pointer,24,5-6,'CHI',trails
419,419,419,201205040PHI,19.2,16.2,1st quarter,7:42.0,Jrue Holiday,PHI,True,2-pointer,12,7-8,'CHI',trails
420,420,420,201205040PHI,38.0,17.4,1st quarter,7:04.0,Andre Iguodala,PHI,True,2-pointer,19,9-8,'CHI',leads
421,421,421,201205040PHI,15.9,13.2,1st quarter,6:25.0,Elton Brand,PHI,False,2-pointer,12,9-10,'CHI',trails
422,422,422,201205040PHI,5.3,9.2,1st quarter,6:19.0,Spencer Hawes,PHI,True,2-pointer,19,11-10,'CHI',leads
423,423,423,201205040PHI,24.4,5.1,1st quarter,5:41.0,Evan Turner,PHI,True,2-pointer,0,13-10,'CHI',leads
424,424,424,201205040PHI,21.6,16.0,1st quarter,5:03.0,Spencer Hawes,PHI,False,2-pointer,11,13-10,'CHI',leads
425,425,425,201205040PHI,18.9,14.4,1st quarter,3:57.0,Evan Turner,PHI,False,2-pointer,11,13-14,'CHI',trails
426,426,426,201205040PHI,9.3,10.5,1st quarter,3:22.0,Lou Williams,PHI,True,2-pointer,16,15-16,'CHI',trails
427,427,427,201205040PHI,0.8,5.0,1st quarter,2:46.0,Andre Iguodala,PHI,False,3-pointer,23,15-16,'CHI',trails
428,428,428,201205040PHI,10.6,10.0,1st quarter,2:18.0,Lou Williams,PHI,True,2-pointer,14,17-16,'CHI',leads
429,429,429,201205040PHI,12.1,19.9,1st quarter,1:47.0,Spencer Hawes,PHI,False,2-pointer,19,17-16,'CHI',leads
430,430,430,201205040PHI,1.2,15.8,1st quarter,0:59.9,Lou Williams,PHI,False,3-pointer,25,17-18,'CHI',trails
431,431,431,201205040PHI,7.9,24.2,1st quarter,0:29.9,Andre Iguodala,PHI,False,3-pointer,25,17-18,'CHI',trails
432,432,432,201205040PHI,17.5,17.6,2nd quarter,10:56.0,Jrue Holiday,PHI,True,2-pointer,14,21-22,'CHI',trails
433,433,433,201205040PHI,40.5,22.8,2nd quarter,10:26.0,Jrue Holiday,PHI,False,3-pointer,24,21-22,'CHI',trails
434,434,434,201205040PHI,22.5,7.6,2nd quarter,10:22.0,Thaddeus Young,PHI,False,2-pointer,3,21-22,'CHI',trails
435,435,435,201205040PHI,21.7,10.8,2nd quarter,10:00.0,Lou Williams,PHI,True,2-pointer,6,23-22,'CHI',leads
436,436,436,201205040PHI,18.1,16.2,2nd quarter,9:32.0,Lavoy Allen,PHI,False,2-pointer,13,23-22,'CHI',leads
437,437,437,201205040PHI,42.4,22.8,2nd quarter,9:00.0,Lou Williams,PHI,False,3-pointer,26,23-22,'CHI',leads
438,438,438,201205040PHI,0.5,5.9,2nd quarter,8:44.0,Evan Turner,PHI,False,3-pointer,24,23-24,'CHI',trails
439,439,439,201205040PHI,6.9,14.4,2nd quarter,8:10.0,Spencer Hawes,PHI,False,2-pointer,20,23-26,'CHI',trails
440,440,440,201205040PHI,39.5,5.7,2nd quarter,7:18.0,Spencer Hawes,PHI,False,2-pointer,16,25-30,'CHI',trails
441,441,441,201205040PHI,24.7,4.7,2nd quarter,6:57.0,Lou Williams,PHI,False,2-pointer,1,25-30,'CHI',trails
442,442,442,201205040PHI,8.3,5.6,2nd quarter,6:53.0,Thaddeus Young,PHI,False,2-pointer,16,25-30,'CHI',trails
443,443,443,201205040PHI,24.6,4.4,2nd quarter,4:03.0,Evan Turner,PHI,True,2-pointer,1,30-33,'CHI',trails
444,444,444,201205040PHI,23.6,10.2,2nd quarter,3:40.0,Evan Turner,PHI,True,2-pointer,5,32-34,'CHI',trails
445,445,445,201205040PHI,39.2,15.5,2nd quarter,2:20.0,Thaddeus Young,PHI,False,2-pointer,18,34-35,'CHI',trails
446,446,446,201205040PHI,11.0,14.1,2nd quarter,1:52.0,Lou Williams,PHI,True,2-pointer,16,36-35,'CHI',leads
447,447,447,201205040PHI,37.8,14.6,2nd quarter,1:16.0,Andre Iguodala,PHI,True,2-pointer,17,38-37,'CHI',leads
448,448,448,201205040PHI,22.9,5.9,2nd quarter,0:41.3,Lou Williams,PHI,False,2-pointer,1,38-37,'CHI',leads
449,449,449,201205040PHI,31.5,29.6,2nd quarter,0:30.9,Andre Iguodala,PHI,False,3-pointer,26,38-37,'CHI',leads
450,450,450,201205040PHI,22.2,5.1,2nd quarter,0:29.0,Thaddeus Young,PHI,False,2-pointer,2,38-37,'CHI',leads
451,451,451,201205040PHI,23.6,5.3,2nd quarter,0:28.6,Thaddeus Young,PHI,True,2-pointer,1,40-37,'CHI',leads
452,452,452,201205040PHI,20.2,30.0,2nd quarter,0:01.9,Lou Williams,PHI,False,3-pointer,25,40-39,'CHI',leads
453,453,453,201205040PHI,26.4,7.8,3rd quarter,11:43.0,Jrue Holiday,PHI,False,2-pointer,4,40-39,'CHI',leads
454,454,454,201205040PHI,1.9,3.9,3rd quarter,11:10.0,Andre Iguodala,PHI,False,3-pointer,22,40-41,'CHI',trails
455,455,455,201205040PHI,23.6,8.6,3rd quarter,10:50.0,Spencer Hawes,PHI,False,2-pointer,4,40-41,'CHI',trails
456,456,456,201205040PHI,23.6,6.7,3rd quarter,10:44.0,Spencer Hawes,PHI,False,2-pointer,2,40-41,'CHI',trails
457,457,457,201205040PHI,24.7,7.5,3rd quarter,9:59.0,Spencer Hawes,PHI,False,2-pointer,3,40-43,'CHI',trails
458,458,458,201205040PHI,12.0,12.7,3rd quarter,9:49.0,Elton Brand,PHI,False,2-pointer,14,40-43,'CHI',trails
459,459,459,201205040PHI,6.6,6.5,3rd quarter,9:11.0,Lavoy Allen,PHI,False,2-pointer,17,40-45,'CHI',trails
460,460,460,201205040PHI,38.0,26.1,3rd quarter,9:03.0,Jrue Holiday,PHI,False,3-pointer,25,40-45,'CHI',trails
461,461,461,201205040PHI,12.8,12.2,3rd quarter,8:33.0,Jrue Holiday,PHI,True,2-pointer,13,42-45,'CHI',trails
462,462,462,201205040PHI,16.4,14.9,3rd quarter,8:02.0,Evan Turner,PHI,False,2-pointer,12,42-45,'CHI',trails
463,463,463,201205040PHI,12.9,19.2,3rd quarter,7:44.0,Jrue Holiday,PHI,False,2-pointer,18,42-47,'CHI',trails
464,464,464,201205040PHI,22.7,21.7,3rd quarter,7:13.0,Elton Brand,PHI,False,2-pointer,17,42-49,'CHI',trails
465,465,465,201205040PHI,23.3,5.1,3rd quarter,6:46.0,Evan Turner,PHI,True,2-pointer,1,44-49,'CHI',trails
466,466,466,201205040PHI,20.8,6.9,3rd quarter,6:16.0,Evan Turner,PHI,False,2-pointer,4,44-49,'CHI',trails
467,467,467,201205040PHI,31.3,19.2,3rd quarter,5:37.0,Spencer Hawes,PHI,True,2-pointer,16,46-51,'CHI',trails
468,468,468,201205040PHI,37.0,16.8,3rd quarter,3:45.0,Andre Iguodala,PHI,False,2-pointer,18,47-54,'CHI',trails
469,469,469,201205040PHI,24.4,5.7,3rd quarter,3:20.0,Evan Turner,PHI,True,2-pointer,1,49-54,'CHI',trails
470,470,470,201205040PHI,14.3,15.1,3rd quarter,2:41.0,Thaddeus Young,PHI,False,2-pointer,14,50-56,'CHI',trails
471,471,471,201205040PHI,17.6,18.2,3rd quarter,2:05.0,Lavoy Allen,PHI,False,2-pointer,15,50-58,'CHI',trails
472,472,472,201205040PHI,24.2,7.2,3rd quarter,1:30.0,Thaddeus Young,PHI,False,2-pointer,2,50-58,'CHI',trails
473,473,473,201205040PHI,7.7,13.9,3rd quarter,0:01.8,Lou Williams,PHI,False,2-pointer,19,51-60,'CHI',trails
474,474,474,201205040PHI,25.8,7.3,4th quarter,10:05.0,Jrue Holiday,PHI,True,2-pointer,3,55-67,'CHI',trails
475,475,475,201205040PHI,6.0,23.9,4th quarter,9:19.0,Lou Williams,PHI,False,3-pointer,26,56-69,'CHI',trails
476,476,476,201205040PHI,28.5,5.0,4th quarter,9:12.0,Spencer Hawes,PHI,True,2-pointer,5,58-69,'CHI',trails
477,477,477,201205040PHI,19.2,12.5,4th quarter,8:01.0,Thaddeus Young,PHI,True,2-pointer,9,60-69,'CHI',trails
478,478,478,201205040PHI,40.5,5.6,4th quarter,7:20.0,Lou Williams,PHI,False,2-pointer,17,60-69,'CHI',trails
479,479,479,201205040PHI,9.8,17.3,4th quarter,6:57.0,Spencer Hawes,PHI,True,2-pointer,19,62-69,'CHI',trails
480,480,480,201205040PHI,12.6,7.2,4th quarter,6:18.0,Elton Brand,PHI,False,2-pointer,12,62-69,'CHI',trails
481,481,481,201205040PHI,24.0,6.1,4th quarter,5:46.0,Spencer Hawes,PHI,True,2-pointer,1,64-69,'CHI',trails
482,482,482,201205040PHI,26.8,7.3,4th quarter,5:16.0,Lou Williams,PHI,False,2-pointer,4,64-69,'CHI',trails
483,483,483,201205040PHI,23.5,9.8,4th quarter,4:39.0,Jrue Holiday,PHI,False,2-pointer,5,64-71,'CHI',trails
484,484,484,201205040PHI,24.1,6.1,4th quarter,4:38.0,Jrue Holiday,PHI,True,2-pointer,1,66-71,'CHI',trails
485,485,485,201205040PHI,10.4,10.5,4th quarter,4:11.0,Lou Williams,PHI,True,2-pointer,15,68-71,'CHI',trails
486,486,486,201205040PHI,27.2,30.5,4th quarter,2:54.0,Andre Iguodala,PHI,False,3-pointer,26,70-71,'CHI',trails
487,487,487,201205040PHI,7.1,15.2,4th quarter,2:11.0,Spencer Hawes,PHI,True,2-pointer,20,72-71,'CHI',leads
488,488,488,201205040PHI,7.7,5.7,4th quarter,0:53.9,Spencer Hawes,PHI,False,2-pointer,16,74-71,'CHI',leads
489,489,489,201205040PHI,23.0,6.5,4th quarter,0:23.9,Evan Turner,PHI,False,2-pointer,2,75-74,'CHI',leads
