,Unnamed: 0.1,Unnamed: 0,match_id,shotX,shotY,quarter,time_remaining,player,team,made,shot_type,distance,score,opp,status
0,0,0,201705070HOU,1.5,4.1,1st quarter,10:45.0,Pau Gasol,SAS,False,3-pointer,23,0-3,'SAS',trails
1,1,1,201705070HOU,25.9,15.0,1st quarter,10:16.0,Kawhi Leonard,SAS,False,2-pointer,12,0-5,'SAS',trails
2,2,2,201705070HOU,24.9,2.9,1st quarter,10:15.0,Pau Gasol,SAS,False,2-pointer,1,0-5,'SAS',trails
3,3,3,201705070HOU,28.6,3.7,1st quarter,9:27.0,Kawhi Leonard,SAS,True,2-pointer,5,4-7,'SAS',trails
4,4,4,201705070HOU,24.9,2.9,1st quarter,9:01.0,Pau Gasol,SAS,False,2-pointer,1,4-10,'SAS',trails
5,5,5,201705070HOU,22.4,9.2,1st quarter,8:57.0,Pau Gasol,SAS,False,2-pointer,6,4-10,'SAS',trails
6,6,6,201705070HOU,9.3,5.1,1st quarter,8:37.0,LaMarcus Aldridge,SAS,False,2-pointer,15,4-12,'SAS',trails
7,7,7,201705070HOU,33.7,4.3,1st quarter,8:09.0,Dejounte Murray,SAS,True,2-pointer,10,6-12,'SAS',trails
8,8,8,201705070HOU,31.6,25.8,1st quarter,7:33.0,Danny Green,SAS,True,3-pointer,24,9-12,'SAS',trails
9,9,9,201705070HOU,34.4,6.6,1st quarter,6:06.0,Kawhi Leonard,SAS,False,2-pointer,11,9-17,'SAS',trails
10,10,10,201705070HOU,34.7,9.7,1st quarter,5:43.0,LaMarcus Aldridge,SAS,True,2-pointer,13,11-19,'SAS',trails
11,11,11,201705070HOU,7.1,6.6,1st quarter,4:20.0,LaMarcus Aldridge,SAS,False,2-pointer,17,12-23,'SAS',trails
12,12,12,201705070HOU,35.7,13.6,1st quarter,3:47.0,Manu Ginóbili,SAS,True,2-pointer,16,14-27,'SAS',trails
13,13,13,201705070HOU,7.9,16.9,1st quarter,2:51.0,LaMarcus Aldridge,SAS,True,2-pointer,21,18-27,'SAS',trails
14,14,14,201705070HOU,31.4,16.1,1st quarter,2:21.0,Jonathon Simmons,SAS,False,2-pointer,15,18-27,'SAS',trails
15,15,15,201705070HOU,25.5,3.2,1st quarter,1:59.0,Jonathon Simmons,SAS,True,2-pointer,2,20-29,'SAS',trails
16,16,16,201705070HOU,25.5,3.2,1st quarter,1:48.0,Manu Ginóbili,SAS,True,2-pointer,2,22-29,'SAS',trails
17,17,17,201705070HOU,31.4,6.1,1st quarter,1:04.0,David Lee,SAS,False,2-pointer,8,22-29,'SAS',trails
18,18,18,201705070HOU,3.1,15.1,1st quarter,0:53.0,Manu Ginóbili,SAS,False,3-pointer,24,22-32,'SAS',trails
19,19,19,201705070HOU,24.4,2.4,1st quarter,0:08.0,Manu Ginóbili,SAS,False,2-pointer,1,22-34,'SAS',trails
20,20,20,201705070HOU,25.7,2.9,2nd quarter,11:11.0,David Lee,SAS,False,2-pointer,2,22-37,'SAS',trails
21,21,21,201705070HOU,24.1,5.6,2nd quarter,11:09.0,David Lee,SAS,False,2-pointer,3,22-37,'SAS',trails
22,22,22,201705070HOU,23.4,2.9,2nd quarter,10:56.0,Kawhi Leonard,SAS,True,2-pointer,1,24-37,'SAS',trails
23,23,23,201705070HOU,24.0,2.4,2nd quarter,10:27.0,David Lee,SAS,True,2-pointer,1,26-37,'SAS',trails
24,24,24,201705070HOU,23.9,2.4,2nd quarter,10:02.0,Jonathon Simmons,SAS,False,2-pointer,1,26-37,'SAS',trails
25,25,25,201705070HOU,39.6,22.3,2nd quarter,9:33.0,Kawhi Leonard,SAS,False,3-pointer,25,26-37,'SAS',trails
26,26,26,201705070HOU,44.2,16.1,2nd quarter,9:25.0,Kawhi Leonard,SAS,True,3-pointer,24,29-37,'SAS',trails
27,27,27,201705070HOU,1.3,3.8,2nd quarter,8:58.0,Danny Green,SAS,False,3-pointer,23,29-39,'SAS',trails
28,28,28,201705070HOU,22.8,3.7,2nd quarter,8:19.0,Jonathon Simmons,SAS,False,2-pointer,1,31-41,'SAS',trails
29,29,29,201705070HOU,22.9,4.1,2nd quarter,8:18.0,Pau Gasol,SAS,True,2-pointer,2,33-41,'SAS',trails
30,30,30,201705070HOU,24.9,22.5,2nd quarter,7:52.0,Kawhi Leonard,SAS,True,2-pointer,20,35-41,'SAS',trails
31,31,31,201705070HOU,0.3,3.8,2nd quarter,7:14.0,Jonathon Simmons,SAS,False,3-pointer,24,35-41,'SAS',trails
32,32,32,201705070HOU,22.8,2.4,2nd quarter,6:41.0,Manu Ginóbili,SAS,True,2-pointer,1,37-41,'SAS',trails
33,33,33,201705070HOU,1.5,2.4,2nd quarter,6:00.0,Danny Green,SAS,False,3-pointer,23,37-43,'SAS',trails
34,34,34,201705070HOU,1.3,3.7,2nd quarter,4:38.0,Patty Mills,SAS,True,3-pointer,23,40-46,'SAS',trails
35,35,35,201705070HOU,21.8,8.2,2nd quarter,3:42.0,Kawhi Leonard,SAS,True,2-pointer,6,42-48,'SAS',trails
36,36,36,201705070HOU,30.1,26.9,2nd quarter,3:09.0,Patty Mills,SAS,True,3-pointer,25,45-50,'SAS',trails
37,37,37,201705070HOU,24.0,3.2,2nd quarter,2:39.0,Kawhi Leonard,SAS,True,2-pointer,0,47-52,'SAS',trails
38,38,38,201705070HOU,24.2,2.9,2nd quarter,2:09.0,Dejounte Murray,SAS,True,2-pointer,0,49-54,'SAS',trails
39,39,39,201705070HOU,24.9,2.4,2nd quarter,1:35.0,Dejounte Murray,SAS,True,2-pointer,1,51-54,'SAS',trails
40,40,40,201705070HOU,17.7,3.8,2nd quarter,0:53.0,Jonathon Simmons,SAS,True,2-pointer,6,53-57,'SAS',trails
41,41,41,201705070HOU,34.4,23.3,2nd quarter,0:11.0,Kawhi Leonard,SAS,False,2-pointer,23,53-57,'SAS',trails
42,42,42,201705070HOU,22.4,2.9,3rd quarter,11:44.0,Pau Gasol,SAS,True,2-pointer,2,55-57,'SAS',trails
43,43,43,201705070HOU,1.7,7.1,3rd quarter,11:07.0,Dejounte Murray,SAS,False,3-pointer,23,55-60,'SAS',trails
44,44,44,201705070HOU,19.3,5.3,3rd quarter,10:39.0,Pau Gasol,SAS,True,2-pointer,5,57-62,'SAS',trails
45,45,45,201705070HOU,22.8,2.5,3rd quarter,10:10.0,Dejounte Murray,SAS,False,2-pointer,1,57-65,'SAS',trails
46,46,46,201705070HOU,37.3,24.3,3rd quarter,10:03.0,Kawhi Leonard,SAS,False,3-pointer,25,57-65,'SAS',trails
47,47,47,201705070HOU,23.8,3.2,3rd quarter,9:35.0,LaMarcus Aldridge,SAS,False,2-pointer,0,57-65,'SAS',trails
48,48,48,201705070HOU,22.9,3.0,3rd quarter,8:38.0,Dejounte Murray,SAS,True,2-pointer,1,59-67,'SAS',trails
49,49,49,201705070HOU,22.6,24.0,3rd quarter,8:00.0,Danny Green,SAS,False,2-pointer,21,59-67,'SAS',trails
50,50,50,201705070HOU,15.1,18.9,3rd quarter,7:29.0,LaMarcus Aldridge,SAS,False,2-pointer,18,59-70,'SAS',trails
51,51,51,201705070HOU,22.3,26.9,3rd quarter,6:41.0,Patty Mills,SAS,False,3-pointer,24,59-73,'SAS',trails
52,52,52,201705070HOU,28.0,27.7,3rd quarter,6:26.0,Kawhi Leonard,SAS,False,3-pointer,25,59-73,'SAS',trails
53,53,53,201705070HOU,25.6,3.9,3rd quarter,6:24.0,LaMarcus Aldridge,SAS,True,2-pointer,2,61-73,'SAS',trails
54,54,54,201705070HOU,16.2,26.7,3rd quarter,5:20.0,Patty Mills,SAS,False,3-pointer,25,61-79,'SAS',trails
55,55,55,201705070HOU,23.9,3.2,3rd quarter,5:08.0,LaMarcus Aldridge,SAS,True,2-pointer,0,63-79,'SAS',trails
56,56,56,201705070HOU,28.8,8.2,3rd quarter,4:54.0,Kawhi Leonard,SAS,False,2-pointer,7,63-79,'SAS',trails
57,57,57,201705070HOU,20.8,8.1,3rd quarter,4:46.0,LaMarcus Aldridge,SAS,False,2-pointer,6,63-79,'SAS',trails
58,58,58,201705070HOU,24.2,2.4,3rd quarter,4:43.0,Kawhi Leonard,SAS,True,2-pointer,1,65-79,'SAS',trails
59,59,59,201705070HOU,23.9,3.0,3rd quarter,4:08.0,LaMarcus Aldridge,SAS,True,2-pointer,0,67-79,'SAS',trails
60,60,60,201705070HOU,26.4,6.8,3rd quarter,3:27.0,LaMarcus Aldridge,SAS,True,2-pointer,4,69-79,'SAS',trails
61,61,61,201705070HOU,9.7,13.0,3rd quarter,2:49.0,LaMarcus Aldridge,SAS,False,2-pointer,17,69-81,'SAS',trails
62,62,62,201705070HOU,31.8,5.3,3rd quarter,2:13.0,LaMarcus Aldridge,SAS,True,2-pointer,8,71-83,'SAS',trails
63,63,63,201705070HOU,23.1,9.1,3rd quarter,1:27.0,Patty Mills,SAS,True,2-pointer,6,73-83,'SAS',trails
64,64,64,201705070HOU,24.0,2.5,3rd quarter,0:45.0,Manu Ginóbili,SAS,False,2-pointer,1,73-85,'SAS',trails
65,65,65,201705070HOU,37.2,23.8,3rd quarter,0:08.0,Jonathon Simmons,SAS,True,3-pointer,25,76-88,'SAS',trails
66,66,66,201705070HOU,32.7,25.9,4th quarter,11:24.0,Jonathon Simmons,SAS,True,3-pointer,25,79-94,'SAS',trails
67,67,67,201705070HOU,31.3,5.1,4th quarter,10:59.0,Jonathon Simmons,SAS,True,2-pointer,8,81-97,'SAS',trails
68,68,68,201705070HOU,23.9,11.0,4th quarter,10:28.0,David Lee,SAS,False,2-pointer,8,82-99,'SAS',trails
69,69,69,201705070HOU,22.8,2.9,4th quarter,9:55.0,Patty Mills,SAS,True,2-pointer,1,84-101,'SAS',trails
70,70,70,201705070HOU,24.1,3.2,4th quarter,9:23.0,Jonathon Simmons,SAS,True,2-pointer,0,86-101,'SAS',trails
71,71,71,201705070HOU,6.9,21.5,4th quarter,9:00.0,Jonathon Simmons,SAS,False,3-pointer,25,86-103,'SAS',trails
72,72,72,201705070HOU,28.2,26.9,4th quarter,8:40.0,Manu Ginóbili,SAS,True,3-pointer,24,89-103,'SAS',trails
73,73,73,201705070HOU,38.3,24.3,4th quarter,8:03.0,Patty Mills,SAS,False,3-pointer,26,89-105,'SAS',trails
74,74,74,201705070HOU,16.1,26.2,4th quarter,7:21.0,Kyle Anderson,SAS,False,3-pointer,25,89-108,'SAS',trails
75,75,75,201705070HOU,23.6,3.0,4th quarter,7:18.0,Dewayne Dedmon,SAS,False,2-pointer,0,89-108,'SAS',trails
76,76,76,201705070HOU,25.0,3.7,4th quarter,6:16.0,Dejounte Murray,SAS,False,2-pointer,1,90-111,'SAS',trails
77,77,77,201705070HOU,36.2,24.3,4th quarter,5:41.0,Jonathon Simmons,SAS,False,3-pointer,25,90-113,'SAS',trails
78,78,78,201705070HOU,16.1,21.3,4th quarter,5:08.0,Dāvis Bertāns,SAS,False,2-pointer,20,90-113,'SAS',trails
79,79,79,201705070HOU,24.2,27.4,4th quarter,4:37.0,Bryn Forbes,SAS,False,3-pointer,24,90-115,'SAS',trails
80,80,80,201705070HOU,24.0,3.1,4th quarter,4:10.0,Kyle Anderson,SAS,True,2-pointer,0,92-115,'SAS',trails
81,81,81,201705070HOU,24.0,3.1,4th quarter,3:49.0,Dewayne Dedmon,SAS,True,2-pointer,0,94-117,'SAS',trails
82,82,82,201705070HOU,30.4,13.0,4th quarter,3:29.0,Kyle Anderson,SAS,True,2-pointer,12,96-117,'SAS',trails
83,83,83,201705070HOU,25.0,18.6,4th quarter,2:44.0,Kyle Anderson,SAS,True,2-pointer,16,98-120,'SAS',trails
84,84,84,201705070HOU,9.8,7.1,4th quarter,1:49.0,Dejounte Murray,SAS,False,2-pointer,15,98-123,'SAS',trails
85,85,85,201705070HOU,22.8,4.1,4th quarter,1:19.0,Dāvis Bertāns,SAS,True,2-pointer,2,100-123,'SAS',trails
86,86,86,201705070HOU,22.4,3.3,4th quarter,0:51.0,Kyle Anderson,SAS,False,2-pointer,2,100-125,'SAS',trails
87,87,87,201705070HOU,23.6,2.9,4th quarter,0:41.0,Kyle Anderson,SAS,True,2-pointer,0,102-125,'SAS',trails
88,88,88,201705070HOU,22.9,4.1,4th quarter,0:12.0,Dewayne Dedmon,SAS,True,2-pointer,2,104-125,'SAS',trails
89,89,89,201705070HOU,38.1,24.0,1st quarter,11:41.0,Ryan Anderson,HOU,False,3-pointer,25,0-0,'SAS',tied
90,90,90,201705070HOU,11.8,24.3,1st quarter,11:03.0,Patrick Beverley,HOU,True,3-pointer,25,3-0,'SAS',leads
91,91,91,201705070HOU,24.4,2.0,1st quarter,10:32.0,Clint Capela,HOU,False,2-pointer,1,3-0,'SAS',leads
92,92,92,201705070HOU,24.9,3.7,1st quarter,10:29.0,James Harden,HOU,True,2-pointer,1,5-0,'SAS',leads
93,93,93,201705070HOU,9.7,23.5,1st quarter,10:01.0,James Harden,HOU,False,3-pointer,25,5-2,'SAS',leads
94,94,94,201705070HOU,23.9,3.3,1st quarter,9:45.0,Clint Capela,HOU,True,2-pointer,0,7-2,'SAS',leads
95,95,95,201705070HOU,42.6,19.4,1st quarter,9:18.0,Trevor Ariza,HOU,True,3-pointer,25,10-4,'SAS',leads
96,96,96,201705070HOU,24.0,3.1,1st quarter,8:51.0,James Harden,HOU,True,2-pointer,0,12-4,'SAS',leads
97,97,97,201705070HOU,12.5,24.4,1st quarter,8:24.0,Patrick Beverley,HOU,False,3-pointer,24,12-4,'SAS',leads
98,98,98,201705070HOU,24.0,3.2,1st quarter,7:44.0,James Harden,HOU,False,2-pointer,0,12-6,'SAS',leads
99,99,99,201705070HOU,28.0,4.6,1st quarter,7:14.0,Clint Capela,HOU,False,2-pointer,4,12-9,'SAS',leads
100,100,100,201705070HOU,24.0,3.1,1st quarter,6:49.0,Trevor Ariza,HOU,True,2-pointer,0,14-9,'SAS',leads
101,101,101,201705070HOU,43.1,18.4,1st quarter,6:23.0,Eric Gordon,HOU,True,3-pointer,25,17-9,'SAS',leads
102,102,102,201705070HOU,23.3,2.4,1st quarter,5:58.0,James Harden,HOU,True,2-pointer,1,19-9,'SAS',leads
103,103,103,201705070HOU,24.0,3.1,1st quarter,5:28.0,Clint Capela,HOU,True,2-pointer,0,21-11,'SAS',leads
104,104,104,201705070HOU,24.9,2.4,1st quarter,4:55.0,Eric Gordon,HOU,True,2-pointer,1,23-12,'SAS',leads
105,105,105,201705070HOU,24.0,4.1,1st quarter,4:33.0,Nenê missed,HOU,False,2-pointer,1,23-12,'SAS',leads
106,106,106,201705070HOU,23.8,3.2,1st quarter,4:13.0,Nenê made,HOU,True,2-pointer,0,25-12,'SAS',leads
107,107,107,201705070HOU,23.1,2.5,1st quarter,4:01.0,Nenê made,HOU,True,2-pointer,1,27-12,'SAS',leads
108,108,108,201705070HOU,17.2,10.0,1st quarter,3:36.0,Lou Williams,HOU,False,2-pointer,10,27-14,'SAS',leads
109,109,109,201705070HOU,25.4,1.9,1st quarter,2:39.0,Eric Gordon,HOU,False,2-pointer,2,27-18,'SAS',leads
110,110,110,201705070HOU,25.7,3.2,1st quarter,2:11.0,Lou Williams,HOU,False,2-pointer,2,27-18,'SAS',leads
111,111,111,201705070HOU,24.6,3.0,1st quarter,2:09.0,Lou Williams,HOU,True,2-pointer,1,29-18,'SAS',leads
112,112,112,201705070HOU,25.7,2.9,1st quarter,1:17.0,Sam Dekker,HOU,False,2-pointer,2,29-22,'SAS',leads
113,113,113,201705070HOU,7.1,23.8,1st quarter,0:58.0,Lou Williams,HOU,True,3-pointer,27,32-22,'SAS',leads
114,114,114,201705070HOU,24.1,3.0,1st quarter,0:32.0,James Harden,HOU,True,2-pointer,0,34-22,'SAS',leads
115,115,115,201705070HOU,32.1,7.1,1st quarter,0:00.0,Lou Williams,HOU,False,2-pointer,9,34-22,'SAS',leads
116,116,116,201705070HOU,35.2,24.8,2nd quarter,11:32.0,Eric Gordon,HOU,True,3-pointer,25,37-22,'SAS',leads
117,117,117,201705070HOU,39.3,22.3,2nd quarter,10:08.0,Eric Gordon,HOU,False,3-pointer,25,37-26,'SAS',leads
118,118,118,201705070HOU,24.0,11.0,2nd quarter,9:50.0,Patrick Beverley,HOU,False,2-pointer,8,37-26,'SAS',leads
119,119,119,201705070HOU,9.3,10.5,2nd quarter,9:12.0,Lou Williams,HOU,True,2-pointer,17,39-29,'SAS',leads
120,120,120,201705070HOU,8.5,9.2,2nd quarter,8:43.0,Lou Williams,HOU,True,2-pointer,17,41-31,'SAS',leads
121,121,121,201705070HOU,4.4,18.4,2nd quarter,8:01.0,Patrick Beverley,HOU,False,3-pointer,25,41-33,'SAS',leads
122,122,122,201705070HOU,31.8,3.2,2nd quarter,7:31.0,Patrick Beverley,HOU,False,2-pointer,8,41-35,'SAS',leads
123,123,123,201705070HOU,38.3,23.3,2nd quarter,6:50.0,James Harden,HOU,False,3-pointer,25,41-35,'SAS',leads
124,124,124,201705070HOU,46.7,4.6,2nd quarter,6:25.0,Lou Williams,HOU,False,3-pointer,23,41-37,'SAS',leads
125,125,125,201705070HOU,24.2,4.1,2nd quarter,6:16.0,James Harden,HOU,True,2-pointer,1,43-37,'SAS',leads
126,126,126,201705070HOU,39.5,21.8,2nd quarter,5:44.0,Ryan Anderson,HOU,True,3-pointer,24,46-37,'SAS',leads
127,127,127,201705070HOU,7.2,21.5,2nd quarter,5:17.0,James Harden,HOU,False,3-pointer,25,46-37,'SAS',leads
128,128,128,201705070HOU,-0.3,4.6,2nd quarter,4:48.0,Trevor Ariza,HOU,False,3-pointer,24,46-37,'SAS',leads
129,129,129,201705070HOU,24.0,3.1,2nd quarter,4:25.0,Trevor Ariza,HOU,True,2-pointer,0,48-40,'SAS',leads
130,130,130,201705070HOU,4.6,18.4,2nd quarter,3:56.0,Eric Gordon,HOU,False,3-pointer,25,48-40,'SAS',leads
131,131,131,201705070HOU,23.6,2.4,2nd quarter,3:28.0,James Harden,HOU,True,2-pointer,1,50-42,'SAS',leads
132,132,132,201705070HOU,24.0,3.1,2nd quarter,2:55.0,Lou Williams,HOU,True,2-pointer,0,52-45,'SAS',leads
133,133,133,201705070HOU,6.4,21.0,2nd quarter,1:52.0,Lou Williams,HOU,False,3-pointer,25,54-49,'SAS',leads
134,134,134,201705070HOU,0.7,5.6,2nd quarter,1:17.0,Ryan Anderson,HOU,True,3-pointer,23,57-51,'SAS',leads
135,135,135,201705070HOU,27.5,4.1,2nd quarter,0:32.0,Trevor Ariza,HOU,False,2-pointer,4,57-53,'SAS',leads
136,136,136,201705070HOU,22.9,4.1,2nd quarter,0:00.0,Eric Gordon,HOU,False,2-pointer,2,57-53,'SAS',leads
137,137,137,201705070HOU,37.8,23.8,3rd quarter,11:26.0,Patrick Beverley,HOU,True,3-pointer,25,60-55,'SAS',leads
138,138,138,201705070HOU,25.9,27.4,3rd quarter,10:22.0,Eric Gordon,HOU,True,3-pointer,24,65-57,'SAS',leads
139,139,139,201705070HOU,44.2,16.1,3rd quarter,9:26.0,Eric Gordon,HOU,False,3-pointer,24,65-57,'SAS',leads
140,140,140,201705070HOU,22.6,3.8,3rd quarter,9:02.0,Trevor Ariza,HOU,True,2-pointer,2,67-57,'SAS',leads
141,141,141,201705070HOU,32.6,26.7,3rd quarter,8:23.0,James Harden,HOU,False,3-pointer,25,67-59,'SAS',leads
142,142,142,201705070HOU,17.0,26.7,3rd quarter,7:41.0,James Harden,HOU,True,3-pointer,25,70-59,'SAS',leads
143,143,143,201705070HOU,3.8,19.9,3rd quarter,7:03.0,James Harden,HOU,True,3-pointer,26,73-59,'SAS',leads
144,144,144,201705070HOU,22.4,4.1,3rd quarter,6:35.0,Clint Capela,HOU,False,2-pointer,2,73-59,'SAS',leads
145,145,145,201705070HOU,25.7,27.7,3rd quarter,6:11.0,Trevor Ariza,HOU,True,3-pointer,25,76-61,'SAS',leads
146,146,146,201705070HOU,6.1,24.0,3rd quarter,5:47.0,James Harden,HOU,False,3-pointer,28,76-61,'SAS',leads
147,147,147,201705070HOU,43.4,20.0,3rd quarter,5:42.0,Eric Gordon,HOU,True,3-pointer,26,79-61,'SAS',leads
148,148,148,201705070HOU,28.5,8.2,3rd quarter,4:23.0,Lou Williams,HOU,False,2-pointer,7,79-65,'SAS',leads
149,149,149,201705070HOU,40.6,22.0,3rd quarter,3:46.0,James Harden,HOU,False,3-pointer,25,79-67,'SAS',leads
150,150,150,201705070HOU,23.4,9.1,3rd quarter,3:13.0,Eric Gordon,HOU,True,2-pointer,6,81-69,'SAS',leads
151,151,151,201705070HOU,24.9,3.7,3rd quarter,2:41.0,Lou Williams,HOU,True,2-pointer,1,83-69,'SAS',leads
152,152,152,201705070HOU,0.8,3.7,3rd quarter,1:56.0,Ryan Anderson,HOU,False,3-pointer,23,83-71,'SAS',leads
153,153,153,201705070HOU,24.9,18.4,3rd quarter,1:05.0,Ryan Anderson,HOU,True,2-pointer,15,85-73,'SAS',leads
154,154,154,201705070HOU,-0.6,8.1,3rd quarter,0:29.0,James Harden,HOU,True,3-pointer,25,88-73,'SAS',leads
155,155,155,201705070HOU,5.3,22.8,3rd quarter,0:00.0,Ryan Anderson,HOU,True,3-pointer,27,91-76,'SAS',leads
156,156,156,201705070HOU,36.2,25.4,4th quarter,11:44.0,Eric Gordon,HOU,True,3-pointer,26,94-76,'SAS',leads
157,157,157,201705070HOU,32.4,25.9,4th quarter,11:08.0,Eric Gordon,HOU,True,3-pointer,24,97-79,'SAS',leads
158,158,158,201705070HOU,8.9,12.5,4th quarter,10:47.0,Ryan Anderson,HOU,True,2-pointer,18,99-82,'SAS',leads
159,159,159,201705070HOU,24.9,3.8,4th quarter,10:03.0,Trevor Ariza,HOU,True,2-pointer,1,101-82,'SAS',leads
160,160,160,201705070HOU,30.9,25.8,4th quarter,9:34.0,Patrick Beverley,HOU,False,3-pointer,24,101-84,'SAS',leads
161,161,161,201705070HOU,24.9,2.9,4th quarter,9:14.0,Patrick Beverley,HOU,True,2-pointer,1,103-86,'SAS',leads
162,162,162,201705070HOU,22.9,3.2,4th quarter,8:47.0,Ryan Anderson,HOU,False,2-pointer,1,103-86,'SAS',leads
163,163,163,201705070HOU,23.1,2.9,4th quarter,8:17.0,Trevor Ariza,HOU,True,2-pointer,1,105-89,'SAS',leads
164,164,164,201705070HOU,0.3,13.5,4th quarter,7:43.0,James Harden,HOU,True,3-pointer,26,108-89,'SAS',leads
165,165,165,201705070HOU,7.5,21.5,4th quarter,7:02.0,James Harden,HOU,False,3-pointer,25,108-89,'SAS',leads
166,166,166,201705070HOU,0.0,3.2,4th quarter,6:49.0,Ryan Anderson,HOU,False,3-pointer,24,108-89,'SAS',leads
167,167,167,201705070HOU,24.0,3.1,4th quarter,6:29.0,Clint Capela,HOU,True,2-pointer,0,110-90,'SAS',leads
168,168,168,201705070HOU,13.4,27.7,4th quarter,5:58.0,Lou Williams,HOU,False,3-pointer,27,111-90,'SAS',leads
169,169,169,201705070HOU,19.7,5.1,4th quarter,5:54.0,Patrick Beverley,HOU,True,2-pointer,5,113-90,'SAS',leads
170,170,170,201705070HOU,36.0,11.0,4th quarter,5:31.0,Lou Williams,HOU,False,2-pointer,14,113-90,'SAS',leads
171,171,171,201705070HOU,29.0,27.7,4th quarter,5:21.0,Lou Williams,HOU,False,3-pointer,25,113-90,'SAS',leads
172,172,172,201705070HOU,43.2,13.1,4th quarter,4:51.0,Bobby Brown,HOU,True,2-pointer,22,115-90,'SAS',leads
173,173,173,201705070HOU,23.4,4.1,4th quarter,4:17.0,Ryan Anderson,HOU,False,2-pointer,1,115-90,'SAS',leads
174,174,174,201705070HOU,24.4,16.4,4th quarter,3:55.0,Bobby Brown,HOU,True,2-pointer,13,117-92,'SAS',leads
175,175,175,201705070HOU,42.9,14.0,4th quarter,3:37.0,Bobby Brown,HOU,False,2-pointer,22,117-94,'SAS',leads
176,176,176,201705070HOU,22.3,2.4,4th quarter,2:58.0,Bobby Brown,HOU,True,2-pointer,2,120-96,'SAS',leads
177,177,177,201705070HOU,39.1,24.3,4th quarter,2:31.0,Ryan Anderson,HOU,False,3-pointer,26,120-98,'SAS',leads
178,178,178,201705070HOU,20.3,27.4,4th quarter,2:12.0,Bobby Brown,HOU,True,3-pointer,25,123-98,'SAS',leads
179,179,179,201705070HOU,37.3,23.8,4th quarter,1:36.0,Bobby Brown,HOU,False,3-pointer,25,123-98,'SAS',leads
180,180,180,201705070HOU,31.6,26.2,4th quarter,1:25.0,Troy Williams,HOU,False,3-pointer,24,123-98,'SAS',leads
181,181,181,201705070HOU,27.2,6.1,4th quarter,1:00.0,Bobby Brown,HOU,True,2-pointer,4,125-100,'SAS',leads
182,182,182,201705070HOU,24.0,3.7,4th quarter,0:45.0,Troy Williams,HOU,False,2-pointer,1,125-100,'SAS',leads
183,183,183,201705070HOU,23.9,3.3,4th quarter,0:18.0,Troy Williams,HOU,False,2-pointer,0,125-102,'SAS',leads
184,184,184,201705070TOR,28.3,11.7,1st quarter,11:22.0,Tristan Thompson,CLE,False,2-pointer,10,0-0,'TOR',tied
185,185,185,201705070TOR,18.4,30.2,1st quarter,11:13.0,J.R. Smith,CLE,False,3-pointer,28,0-0,'TOR',tied
186,186,186,201705070TOR,25.2,6.6,1st quarter,10:32.0,Kevin Love,CLE,False,2-pointer,4,0-0,'TOR',tied
187,187,187,201705070TOR,32.7,17.9,1st quarter,9:55.0,LeBron James,CLE,False,2-pointer,17,0-0,'TOR',tied
188,188,188,201705070TOR,24.0,3.1,1st quarter,9:43.0,LeBron James,CLE,True,2-pointer,0,2-0,'TOR',leads
189,189,189,201705070TOR,28.6,15.6,1st quarter,9:12.0,Kevin Love,CLE,False,2-pointer,13,2-2,'TOR',tied
190,190,190,201705070TOR,26.7,5.2,1st quarter,8:43.0,Kyrie Irving,CLE,True,2-pointer,3,4-4,'TOR',tied
191,191,191,201705070TOR,26.4,7.6,1st quarter,8:12.0,Tristan Thompson,CLE,True,2-pointer,5,6-5,'TOR',leads
192,192,192,201705070TOR,40.9,4.6,1st quarter,7:48.0,Kyrie Irving,CLE,False,2-pointer,17,6-7,'TOR',trails
193,193,193,201705070TOR,47.6,10.2,1st quarter,7:08.0,J.R. Smith,CLE,False,3-pointer,25,6-9,'TOR',trails
194,194,194,201705070TOR,4.9,19.4,1st quarter,6:36.0,LeBron James,CLE,False,3-pointer,25,6-11,'TOR',trails
195,195,195,201705070TOR,25.2,29.2,1st quarter,6:00.0,Kyrie Irving,CLE,False,3-pointer,26,6-14,'TOR',trails
196,196,196,201705070TOR,2.6,2.4,1st quarter,5:34.0,Channing Frye,CLE,True,2-pointer,21,8-14,'TOR',trails
197,197,197,201705070TOR,30.0,5.3,1st quarter,4:52.0,Kyrie Irving,CLE,False,2-pointer,6,8-16,'TOR',trails
198,198,198,201705070TOR,9.7,5.1,1st quarter,4:22.0,Kevin Love,CLE,True,2-pointer,14,10-18,'TOR',trails
199,199,199,201705070TOR,14.1,25.8,1st quarter,3:49.0,LeBron James,CLE,True,3-pointer,25,13-21,'TOR',trails
200,200,200,201705070TOR,27.5,6.3,1st quarter,3:02.0,Kyrie Irving,CLE,True,2-pointer,5,15-23,'TOR',trails
201,201,201,201705070TOR,20.6,6.3,1st quarter,2:24.0,Kyrie Irving,CLE,True,2-pointer,5,17-26,'TOR',trails
202,202,202,201705070TOR,23.1,3.2,1st quarter,1:54.0,LeBron James,CLE,True,2-pointer,1,19-26,'TOR',trails
203,203,203,201705070TOR,42.2,21.8,1st quarter,1:18.0,J.R. Smith,CLE,True,3-pointer,26,22-26,'TOR',trails
204,204,204,201705070TOR,38.3,4.1,1st quarter,0:50.0,Kyrie Irving,CLE,False,2-pointer,14,22-26,'TOR',trails
205,205,205,201705070TOR,1.3,7.3,1st quarter,0:34.0,Channing Frye,CLE,True,3-pointer,23,25-28,'TOR',trails
206,206,206,201705070TOR,24.4,5.6,1st quarter,0:15.0,LeBron James,CLE,True,2-pointer,3,27-28,'TOR',trails
207,207,207,201705070TOR,41.9,23.0,1st quarter,0:01.0,Channing Frye,CLE,False,3-pointer,27,28-28,'TOR',tied
208,208,208,201705070TOR,16.7,28.4,2nd quarter,11:19.0,LeBron James,CLE,False,3-pointer,26,28-30,'TOR',trails
209,209,209,201705070TOR,48.3,2.5,2nd quarter,10:44.0,Kyle Korver,CLE,False,3-pointer,24,28-30,'TOR',trails
210,210,210,201705070TOR,1.8,18.1,2nd quarter,10:18.0,Deron Williams,CLE,True,3-pointer,27,31-30,'TOR',leads
211,211,211,201705070TOR,3.5,19.4,2nd quarter,9:21.0,Deron Williams,CLE,False,3-pointer,26,31-32,'TOR',trails
212,212,212,201705070TOR,19.8,29.2,2nd quarter,8:42.0,Kyle Korver,CLE,True,3-pointer,27,34-32,'TOR',leads
213,213,213,201705070TOR,28.6,4.6,2nd quarter,8:10.0,Kyrie Irving,CLE,False,2-pointer,5,34-34,'TOR',tied
214,214,214,201705070TOR,40.3,7.1,2nd quarter,7:58.0,Kyle Korver,CLE,True,2-pointer,17,36-35,'TOR',leads
215,215,215,201705070TOR,0.2,1.9,2nd quarter,7:17.0,Iman Shumpert,CLE,False,3-pointer,24,36-37,'TOR',trails
216,216,216,201705070TOR,28.0,4.6,2nd quarter,6:55.0,Kyrie Irving,CLE,False,2-pointer,4,36-37,'TOR',trails
217,217,217,201705070TOR,3.8,17.4,2nd quarter,6:24.0,Kevin Love,CLE,True,3-pointer,25,39-37,'TOR',leads
218,218,218,201705070TOR,1.2,3.2,2nd quarter,6:01.0,Kyrie Irving,CLE,True,3-pointer,23,42-37,'TOR',leads
219,219,219,201705070TOR,24.0,3.1,2nd quarter,5:31.0,LeBron James,CLE,True,2-pointer,0,44-39,'TOR',leads
220,220,220,201705070TOR,12.0,18.9,2nd quarter,4:51.0,Kyle Korver,CLE,True,2-pointer,20,46-41,'TOR',leads
221,221,221,201705070TOR,26.7,4.9,2nd quarter,4:18.0,Deron Williams,CLE,True,2-pointer,3,48-41,'TOR',leads
222,222,222,201705070TOR,47.8,2.0,2nd quarter,3:54.0,Kyle Korver,CLE,True,3-pointer,24,51-41,'TOR',leads
223,223,223,201705070TOR,33.7,18.9,2nd quarter,3:08.0,Kyrie Irving,CLE,False,2-pointer,19,51-41,'TOR',leads
224,224,224,201705070TOR,24.0,3.1,2nd quarter,2:38.0,LeBron James,CLE,True,2-pointer,0,53-43,'TOR',leads
225,225,225,201705070TOR,7.9,22.2,2nd quarter,2:02.0,Kevin Love,CLE,False,3-pointer,25,53-45,'TOR',leads
226,226,226,201705070TOR,1.5,4.6,2nd quarter,1:35.0,Kyle Korver,CLE,True,3-pointer,23,56-47,'TOR',leads
227,227,227,201705070TOR,1.2,2.9,2nd quarter,0:59.0,Kyle Korver,CLE,True,3-pointer,23,61-47,'TOR',leads
228,228,228,201705070TOR,47.5,0.6,2nd quarter,0:40.0,Kevin Love,CLE,False,3-pointer,24,61-47,'TOR',leads
229,229,229,201705070TOR,49.3,1.9,2nd quarter,0:10.0,Kyle Korver,CLE,False,3-pointer,25,61-49,'TOR',leads
230,230,230,201705070TOR,39.6,30.7,2nd quarter,0:00.0,J.R. Smith,CLE,False,3-pointer,32,61-49,'TOR',leads
231,231,231,201705070TOR,47.6,8.2,3rd quarter,11:42.0,J.R. Smith,CLE,False,3-pointer,24,61-49,'TOR',leads
232,232,232,201705070TOR,16.2,21.8,3rd quarter,11:36.0,Kyrie Irving,CLE,True,2-pointer,20,64-49,'TOR',leads
233,233,233,201705070TOR,36.5,7.7,3rd quarter,11:07.0,Kyrie Irving,CLE,False,2-pointer,13,64-49,'TOR',leads
234,234,234,201705070TOR,30.8,29.7,3rd quarter,10:20.0,LeBron James,CLE,True,3-pointer,28,67-51,'TOR',leads
235,235,235,201705070TOR,29.6,28.2,3rd quarter,9:47.0,Kevin Love,CLE,False,3-pointer,26,67-51,'TOR',leads
236,236,236,201705070TOR,18.8,30.2,3rd quarter,9:00.0,LeBron James,CLE,False,3-pointer,28,67-53,'TOR',leads
237,237,237,201705070TOR,38.1,7.6,3rd quarter,8:56.0,Kyrie Irving,CLE,True,2-pointer,15,69-53,'TOR',leads
238,238,238,201705070TOR,41.4,24.8,3rd quarter,8:19.0,J.R. Smith,CLE,False,3-pointer,28,69-53,'TOR',leads
239,239,239,201705070TOR,27.5,9.2,3rd quarter,7:59.0,LeBron James,CLE,False,2-pointer,7,69-53,'TOR',leads
240,240,240,201705070TOR,21.2,3.4,3rd quarter,7:57.0,Tristan Thompson,CLE,False,2-pointer,3,69-53,'TOR',leads
241,241,241,201705070TOR,26.7,28.4,3rd quarter,7:16.0,Kyrie Irving,CLE,False,3-pointer,26,69-56,'TOR',leads
242,242,242,201705070TOR,10.2,5.8,3rd quarter,6:40.0,LeBron James,CLE,True,2-pointer,14,71-58,'TOR',leads
243,243,243,201705070TOR,4.6,22.0,3rd quarter,6:11.0,LeBron James,CLE,True,3-pointer,27,74-60,'TOR',leads
244,244,244,201705070TOR,31.6,23.0,3rd quarter,5:36.0,Kyrie Irving,CLE,False,2-pointer,21,74-62,'TOR',leads
245,245,245,201705070TOR,1.0,3.3,3rd quarter,4:58.0,LeBron James,CLE,False,3-pointer,23,74-64,'TOR',leads
246,246,246,201705070TOR,23.6,4.3,3rd quarter,4:29.0,Kyrie Irving,CLE,True,2-pointer,1,76-67,'TOR',leads
247,247,247,201705070TOR,41.8,23.9,3rd quarter,3:59.0,Kyrie Irving,CLE,False,3-pointer,27,76-70,'TOR',leads
248,248,248,201705070TOR,24.0,3.1,3rd quarter,3:26.0,Tristan Thompson,CLE,True,2-pointer,0,78-72,'TOR',leads
249,249,249,201705070TOR,24.0,3.1,3rd quarter,1:55.0,Channing Frye,CLE,True,2-pointer,0,82-75,'TOR',leads
250,250,250,201705070TOR,33.7,26.4,3rd quarter,1:18.0,Channing Frye,CLE,True,3-pointer,25,85-75,'TOR',leads
251,251,251,201705070TOR,48.5,6.6,4th quarter,11:19.0,Deron Williams,CLE,False,3-pointer,25,85-80,'TOR',leads
252,252,252,201705070TOR,13.3,28.2,4th quarter,9:32.0,LeBron James,CLE,True,3-pointer,27,90-86,'TOR',leads
253,253,253,201705070TOR,24.0,3.1,4th quarter,8:57.0,Tristan Thompson,CLE,True,2-pointer,0,92-88,'TOR',leads
254,254,254,201705070TOR,34.4,22.0,4th quarter,7:49.0,LeBron James,CLE,False,2-pointer,22,92-90,'TOR',leads
255,255,255,201705070TOR,22.4,30.2,4th quarter,7:17.0,LeBron James,CLE,False,3-pointer,27,92-90,'TOR',leads
256,256,256,201705070TOR,-0.5,3.3,4th quarter,7:13.0,LeBron James,CLE,False,3-pointer,25,92-90,'TOR',leads
257,257,257,201705070TOR,30.0,29.7,4th quarter,6:48.0,Kyrie Irving,CLE,False,3-pointer,27,92-90,'TOR',leads
258,258,258,201705070TOR,39.1,24.3,4th quarter,6:15.0,Kyrie Irving,CLE,True,3-pointer,26,95-93,'TOR',leads
259,259,259,201705070TOR,26.2,2.9,4th quarter,5:14.0,Kyrie Irving,CLE,True,2-pointer,2,99-95,'TOR',leads
260,260,260,201705070TOR,28.5,3.2,4th quarter,4:00.0,Kyrie Irving,CLE,True,2-pointer,5,103-95,'TOR',leads
261,261,261,201705070TOR,24.0,14.0,4th quarter,3:27.0,Kyrie Irving,CLE,False,2-pointer,11,103-95,'TOR',leads
262,262,262,201705070TOR,9.0,24.3,4th quarter,2:54.0,LeBron James,CLE,True,3-pointer,26,106-95,'TOR',leads
263,263,263,201705070TOR,47.2,3.2,4th quarter,2:03.0,LeBron James,CLE,False,3-pointer,23,106-97,'TOR',leads
264,264,264,201705070TOR,23.8,12.2,4th quarter,1:30.0,LeBron James,CLE,False,2-pointer,9,106-97,'TOR',leads
265,265,265,201705070TOR,24.0,4.8,4th quarter,0:37.0,Kyrie Irving,CLE,False,2-pointer,2,107-99,'TOR',leads
266,266,266,201705070TOR,23.9,6.6,1st quarter,11:33.0,Jonas Valančiūnas,TOR,False,2-pointer,4,0-0,'TOR',tied
267,267,267,201705070TOR,22.4,3.2,1st quarter,11:07.0,P.J. Tucker,TOR,False,2-pointer,2,0-0,'TOR',tied
268,268,268,201705070TOR,21.0,3.7,1st quarter,10:54.0,Serge Ibaka,TOR,False,2-pointer,3,0-0,'TOR',tied
269,269,269,201705070TOR,26.2,7.6,1st quarter,10:44.0,Jonas Valančiūnas,TOR,False,2-pointer,5,0-0,'TOR',tied
270,270,270,201705070TOR,46.7,3.0,1st quarter,10:19.0,P.J. Tucker,TOR,False,3-pointer,23,0-0,'TOR',tied
271,271,271,201705070TOR,30.1,22.3,1st quarter,9:30.0,Serge Ibaka,TOR,True,2-pointer,20,2-2,'TOR',tied
272,272,272,201705070TOR,27.2,3.8,1st quarter,9:01.0,P.J. Tucker,TOR,True,2-pointer,3,4-2,'TOR',leads
273,273,273,201705070TOR,22.9,4.3,1st quarter,8:02.0,Cory Joseph,TOR,True,2-pointer,2,7-6,'TOR',leads
274,274,274,201705070TOR,24.0,3.1,1st quarter,7:39.0,Jonas Valančiūnas,TOR,True,2-pointer,0,9-6,'TOR',leads
275,275,275,201705070TOR,8.2,4.1,1st quarter,7:00.0,DeMar DeRozan,TOR,True,2-pointer,16,11-6,'TOR',leads
276,276,276,201705070TOR,0.5,2.9,1st quarter,6:14.0,P.J. Tucker,TOR,True,3-pointer,24,14-6,'TOR',leads
277,277,277,201705070TOR,1.3,2.9,1st quarter,5:43.0,Serge Ibaka,TOR,False,3-pointer,23,14-6,'TOR',leads
278,278,278,201705070TOR,37.2,5.6,1st quarter,5:12.0,Cory Joseph,TOR,True,2-pointer,13,16-8,'TOR',leads
279,279,279,201705070TOR,28.5,5.1,1st quarter,4:39.0,Jonas Valančiūnas,TOR,True,2-pointer,5,18-8,'TOR',leads
280,280,280,201705070TOR,2.5,18.4,1st quarter,4:05.0,Serge Ibaka,TOR,True,3-pointer,26,21-10,'TOR',leads
281,281,281,201705070TOR,26.4,10.2,1st quarter,3:29.0,Serge Ibaka,TOR,True,2-pointer,8,23-13,'TOR',leads
282,282,282,201705070TOR,47.2,3.8,1st quarter,2:38.0,Norman Powell,TOR,True,3-pointer,23,26-15,'TOR',leads
283,283,283,201705070TOR,22.8,12.5,1st quarter,2:07.0,P.J. Tucker,TOR,False,2-pointer,10,26-17,'TOR',leads
284,284,284,201705070TOR,34.4,29.4,1st quarter,1:26.0,Norman Powell,TOR,False,3-pointer,28,26-19,'TOR',leads
285,285,285,201705070TOR,37.5,13.0,1st quarter,0:40.0,DeMar DeRozan,TOR,True,2-pointer,17,28-22,'TOR',leads
286,286,286,201705070TOR,14.9,4.3,1st quarter,0:23.0,Serge Ibaka,TOR,False,2-pointer,9,28-25,'TOR',leads
287,287,287,201705070TOR,23.3,19.5,2nd quarter,11:39.0,DeMar DeRozan,TOR,False,2-pointer,17,28-28,'TOR',tied
288,288,288,201705070TOR,39.9,13.0,2nd quarter,10:34.0,Cory Joseph,TOR,False,2-pointer,19,30-28,'TOR',leads
289,289,289,201705070TOR,17.5,9.5,2nd quarter,10:00.0,Cory Joseph,TOR,True,2-pointer,9,32-31,'TOR',leads
290,290,290,201705070TOR,0.8,3.2,2nd quarter,9:29.0,Norman Powell,TOR,False,3-pointer,23,32-31,'TOR',leads
291,291,291,201705070TOR,27.2,3.0,2nd quarter,9:01.0,P.J. Tucker,TOR,False,2-pointer,3,32-31,'TOR',leads
292,292,292,201705070TOR,27.5,4.8,2nd quarter,8:25.0,Norman Powell,TOR,True,2-pointer,4,34-34,'TOR',tied
293,293,293,201705070TOR,6.7,17.1,2nd quarter,7:37.0,Cory Joseph,TOR,True,2-pointer,22,37-36,'TOR',leads
294,294,294,201705070TOR,12.6,3.8,2nd quarter,7:08.0,DeMarre Carroll,TOR,False,2-pointer,11,37-36,'TOR',leads
295,295,295,201705070TOR,24.4,7.7,2nd quarter,6:32.0,Jonas Valančiūnas,TOR,False,2-pointer,5,37-36,'TOR',leads
296,296,296,201705070TOR,40.6,5.1,2nd quarter,5:43.0,DeMar DeRozan,TOR,True,2-pointer,17,39-42,'TOR',trails
297,297,297,201705070TOR,24.2,8.1,2nd quarter,5:05.0,Serge Ibaka,TOR,True,2-pointer,5,41-44,'TOR',trails
298,298,298,201705070TOR,-0.1,3.2,2nd quarter,4:35.0,Norman Powell,TOR,False,3-pointer,24,41-46,'TOR',trails
299,299,299,201705070TOR,21.6,28.7,2nd quarter,4:29.0,Serge Ibaka,TOR,False,3-pointer,26,41-46,'TOR',trails
300,300,300,201705070TOR,17.7,6.3,2nd quarter,4:06.0,Serge Ibaka,TOR,False,2-pointer,7,41-48,'TOR',trails
301,301,301,201705070TOR,30.6,22.3,2nd quarter,3:27.0,Cory Joseph,TOR,False,2-pointer,20,41-51,'TOR',trails
302,302,302,201705070TOR,24.6,6.6,2nd quarter,3:00.0,Serge Ibaka,TOR,True,2-pointer,4,43-51,'TOR',trails
303,303,303,201705070TOR,24.0,3.1,2nd quarter,2:19.0,Serge Ibaka,TOR,True,2-pointer,0,45-53,'TOR',trails
304,304,304,201705070TOR,23.1,2.5,2nd quarter,1:51.0,DeMarre Carroll,TOR,True,2-pointer,1,47-53,'TOR',trails
305,305,305,201705070TOR,23.4,5.1,2nd quarter,1:07.0,DeMar DeRozan,TOR,False,2-pointer,2,47-58,'TOR',trails
306,306,306,201705070TOR,26.5,5.4,2nd quarter,0:50.0,DeMar DeRozan,TOR,False,2-pointer,3,47-61,'TOR',trails
307,307,307,201705070TOR,26.5,6.1,2nd quarter,0:30.0,Cory Joseph,TOR,True,2-pointer,4,49-61,'TOR',trails
308,308,308,201705070TOR,26.2,28.2,3rd quarter,11:16.0,Jonas Valančiūnas,TOR,False,3-pointer,25,49-64,'TOR',trails
309,309,309,201705070TOR,24.4,3.7,3rd quarter,10:45.0,DeMar DeRozan,TOR,True,2-pointer,1,51-64,'TOR',trails
310,310,310,201705070TOR,29.1,5.6,3rd quarter,9:57.0,Jonas Valančiūnas,TOR,False,2-pointer,6,51-67,'TOR',trails
311,311,311,201705070TOR,1.5,1.5,3rd quarter,9:37.0,DeMar DeRozan,TOR,False,3-pointer,23,51-67,'TOR',trails
312,312,312,201705070TOR,23.8,7.1,3rd quarter,9:26.0,Jonas Valančiūnas,TOR,True,2-pointer,4,53-67,'TOR',trails
313,313,313,201705070TOR,39.9,23.8,3rd quarter,8:08.0,Serge Ibaka,TOR,False,3-pointer,26,53-69,'TOR',trails
314,314,314,201705070TOR,0.8,1.9,3rd quarter,7:43.0,Cory Joseph,TOR,True,3-pointer,23,56-69,'TOR',trails
315,315,315,201705070TOR,42.4,7.3,3rd quarter,6:59.0,Serge Ibaka,TOR,True,2-pointer,19,58-69,'TOR',trails
316,316,316,201705070TOR,25.4,21.8,3rd quarter,5:57.0,Serge Ibaka,TOR,True,2-pointer,19,62-74,'TOR',trails
317,317,317,201705070TOR,28.6,4.6,3rd quarter,5:26.0,Cory Joseph,TOR,True,2-pointer,5,64-74,'TOR',trails
318,318,318,201705070TOR,1.2,2.4,3rd quarter,4:46.0,Serge Ibaka,TOR,True,3-pointer,23,67-74,'TOR',trails
319,319,319,201705070TOR,48.8,1.9,3rd quarter,4:14.0,Norman Powell,TOR,True,3-pointer,25,70-76,'TOR',trails
320,320,320,201705070TOR,18.0,14.5,3rd quarter,3:46.0,DeMar DeRozan,TOR,True,2-pointer,13,72-76,'TOR',trails
321,321,321,201705070TOR,47.0,3.0,3rd quarter,2:38.0,P.J. Tucker,TOR,False,3-pointer,23,73-78,'TOR',trails
322,322,322,201705070TOR,47.2,2.4,3rd quarter,2:30.0,Serge Ibaka,TOR,False,3-pointer,23,73-78,'TOR',trails
323,323,323,201705070TOR,23.1,24.3,3rd quarter,2:12.0,DeMar DeRozan,TOR,True,2-pointer,21,75-80,'TOR',trails
324,324,324,201705070TOR,39.1,14.5,3rd quarter,1:37.0,DeMar DeRozan,TOR,False,2-pointer,19,75-82,'TOR',trails
325,325,325,201705070TOR,48.3,1.4,3rd quarter,0:40.0,Fred VanVleet,TOR,False,3-pointer,24,77-85,'TOR',trails
326,326,326,201705070TOR,1.0,5.1,3rd quarter,0:19.0,Patrick Patterson,TOR,False,3-pointer,23,77-85,'TOR',trails
327,327,327,201705070TOR,0.3,2.5,3rd quarter,0:01.0,P.J. Tucker,TOR,True,3-pointer,24,80-85,'TOR',trails
328,328,328,201705070TOR,16.9,28.4,4th quarter,11:35.0,Patrick Patterson,TOR,False,3-pointer,26,80-85,'TOR',trails
329,329,329,201705070TOR,3.0,18.4,4th quarter,10:58.0,P.J. Tucker,TOR,True,3-pointer,26,83-85,'TOR',trails
330,330,330,201705070TOR,21.6,4.1,4th quarter,10:22.0,Norman Powell,TOR,False,2-pointer,3,83-85,'TOR',trails
331,331,331,201705070TOR,25.6,3.2,4th quarter,10:20.0,DeMar DeRozan,TOR,False,2-pointer,2,83-85,'TOR',trails
332,332,332,201705070TOR,16.6,27.2,4th quarter,9:51.0,Fred VanVleet,TOR,True,3-pointer,25,86-87,'TOR',trails
333,333,333,201705070TOR,37.2,17.9,4th quarter,9:14.0,DeMar DeRozan,TOR,True,2-pointer,20,88-90,'TOR',trails
334,334,334,201705070TOR,9.5,4.8,4th quarter,8:40.0,DeMar DeRozan,TOR,False,2-pointer,15,88-92,'TOR',trails
335,335,335,201705070TOR,23.4,4.8,4th quarter,8:37.0,Jonas Valančiūnas,TOR,False,2-pointer,2,88-92,'TOR',trails
336,336,336,201705070TOR,24.9,7.6,4th quarter,8:23.0,Jonas Valančiūnas,TOR,True,2-pointer,5,90-92,'TOR',trails
337,337,337,201705070TOR,28.0,5.1,4th quarter,6:57.0,Jonas Valančiūnas,TOR,False,2-pointer,5,90-92,'TOR',trails
338,338,338,201705070TOR,9.8,5.1,4th quarter,6:38.0,Serge Ibaka,TOR,True,2-pointer,14,92-92,'TOR',tied
339,339,339,201705070TOR,21.8,23.3,4th quarter,5:59.0,DeMar DeRozan,TOR,False,2-pointer,20,93-95,'TOR',trails
340,340,340,201705070TOR,28.2,12.0,4th quarter,4:47.0,Cory Joseph,TOR,False,2-pointer,10,95-99,'TOR',trails
341,341,341,201705070TOR,28.2,20.4,4th quarter,4:23.0,DeMar DeRozan,TOR,False,2-pointer,18,95-101,'TOR',trails
342,342,342,201705070TOR,35.0,26.4,4th quarter,3:50.0,Norman Powell,TOR,False,3-pointer,26,95-103,'TOR',trails
343,343,343,201705070TOR,3.5,19.5,4th quarter,3:19.0,P.J. Tucker,TOR,False,3-pointer,26,95-103,'TOR',trails
344,344,344,201705070TOR,10.5,8.7,4th quarter,2:37.0,Serge Ibaka,TOR,False,2-pointer,15,95-106,'TOR',trails
345,345,345,201705070TOR,16.2,21.8,4th quarter,2:31.0,DeMar DeRozan,TOR,True,2-pointer,20,97-106,'TOR',trails
346,346,346,201705070TOR,36.5,27.4,4th quarter,1:55.0,DeMar DeRozan,TOR,False,3-pointer,27,97-106,'TOR',trails
347,347,347,201705070TOR,27.5,2.4,4th quarter,1:20.0,Cory Joseph,TOR,True,2-pointer,4,99-106,'TOR',trails
348,348,348,201705070TOR,19.8,28.4,4th quarter,0:55.0,Norman Powell,TOR,False,3-pointer,26,99-107,'TOR',trails
349,349,349,201705070TOR,0.2,3.2,4th quarter,0:25.0,P.J. Tucker,TOR,True,3-pointer,24,102-107,'TOR',trails
350,350,350,201705070TOR,31.9,32.1,4th quarter,0:12.0,Norman Powell,TOR,False,3-pointer,30,102-109,'TOR',trails
351,351,351,201705070WAS,40.9,5.6,1st quarter,11:20.0,Amir Johnson,BOS,False,2-pointer,17,0-2,'BOS',trails
352,352,352,201705070WAS,24.6,22.3,1st quarter,10:46.0,Al Horford,BOS,False,2-pointer,19,0-4,'BOS',trails
353,353,353,201705070WAS,42.7,22.8,1st quarter,10:31.0,Avery Bradley,BOS,False,3-pointer,27,0-4,'BOS',trails
354,354,354,201705070WAS,24.4,13.0,1st quarter,9:22.0,Isaiah Thomas,BOS,False,2-pointer,10,0-4,'BOS',trails
355,355,355,201705070WAS,17.7,23.8,1st quarter,7:53.0,Al Horford,BOS,True,2-pointer,22,4-8,'BOS',trails
356,356,356,201705070WAS,24.0,3.1,1st quarter,7:21.0,Amir Johnson,BOS,True,2-pointer,0,6-8,'BOS',trails
357,357,357,201705070WAS,38.3,27.2,1st quarter,6:52.0,Isaiah Thomas,BOS,True,3-pointer,28,9-10,'BOS',trails
358,358,358,201705070WAS,24.1,4.1,1st quarter,5:54.0,Avery Bradley,BOS,False,2-pointer,1,9-10,'BOS',trails
359,359,359,201705070WAS,20.3,27.9,1st quarter,5:30.0,Isaiah Thomas,BOS,True,3-pointer,25,12-10,'BOS',leads
360,360,360,201705070WAS,7.5,4.6,1st quarter,5:00.0,Jae Crowder,BOS,False,2-pointer,17,12-12,'BOS',tied
361,361,361,201705070WAS,23.3,3.7,1st quarter,4:44.0,Jae Crowder,BOS,True,2-pointer,1,14-15,'BOS',trails
362,362,362,201705070WAS,19.3,27.4,1st quarter,4:08.0,Isaiah Thomas,BOS,True,3-pointer,25,17-15,'BOS',leads
363,363,363,201705070WAS,35.7,7.6,1st quarter,3:48.0,Isaiah Thomas,BOS,False,2-pointer,13,17-15,'BOS',leads
364,364,364,201705070WAS,13.0,24.4,1st quarter,3:26.0,Avery Bradley,BOS,True,3-pointer,24,20-15,'BOS',leads
365,365,365,201705070WAS,32.2,27.2,1st quarter,2:15.0,Avery Bradley,BOS,False,3-pointer,26,20-18,'BOS',leads
366,366,366,201705070WAS,25.0,3.2,1st quarter,1:48.0,Marcus Smart,BOS,False,2-pointer,1,20-20,'BOS',tied
367,367,367,201705070WAS,10.5,26.2,1st quarter,1:08.0,Kelly Olynyk,BOS,False,3-pointer,27,20-20,'BOS',tied
368,368,368,201705070WAS,36.0,24.4,1st quarter,1:02.0,Marcus Smart,BOS,True,3-pointer,25,23-20,'BOS',leads
369,369,369,201705070WAS,22.3,3.7,1st quarter,0:01.0,Marcus Smart,BOS,False,2-pointer,2,24-20,'BOS',leads
370,370,370,201705070WAS,12.5,17.9,2nd quarter,11:44.0,Terry Rozier,BOS,False,2-pointer,19,24-20,'BOS',leads
371,371,371,201705070WAS,10.2,27.9,2nd quarter,11:20.0,Marcus Smart,BOS,False,3-pointer,28,24-20,'BOS',leads
372,372,372,201705070WAS,3.0,15.9,2nd quarter,11:15.0,Isaiah Thomas,BOS,True,3-pointer,25,27-20,'BOS',leads
373,373,373,201705070WAS,39.8,26.9,2nd quarter,10:55.0,Isaiah Thomas,BOS,True,3-pointer,29,30-20,'BOS',leads
374,374,374,201705070WAS,24.0,3.1,2nd quarter,10:23.0,Kelly Olynyk,BOS,True,2-pointer,0,32-23,'BOS',leads
375,375,375,201705070WAS,24.9,2.5,2nd quarter,9:50.0,Kelly Olynyk,BOS,True,2-pointer,1,34-25,'BOS',leads
376,376,376,201705070WAS,24.4,2.9,2nd quarter,8:59.0,Isaiah Thomas,BOS,True,2-pointer,0,37-26,'BOS',leads
377,377,377,201705070WAS,37.3,25.4,2nd quarter,8:26.0,Kelly Olynyk,BOS,False,3-pointer,26,37-26,'BOS',leads
378,378,378,201705070WAS,9.7,24.3,2nd quarter,8:00.0,Isaiah Thomas,BOS,False,3-pointer,26,37-26,'BOS',leads
379,379,379,201705070WAS,26.4,28.7,2nd quarter,7:28.0,Al Horford,BOS,True,3-pointer,26,40-28,'BOS',leads
380,380,380,201705070WAS,36.0,29.2,2nd quarter,6:05.0,Marcus Smart,BOS,False,3-pointer,29,40-32,'BOS',leads
381,381,381,201705070WAS,10.2,14.6,2nd quarter,5:28.0,Avery Bradley,BOS,False,2-pointer,18,40-35,'BOS',leads
382,382,382,201705070WAS,35.2,21.0,2nd quarter,5:00.0,Jae Crowder,BOS,False,2-pointer,21,40-35,'BOS',leads
383,383,383,201705070WAS,24.0,3.1,2nd quarter,4:39.0,Avery Bradley,BOS,True,2-pointer,0,42-35,'BOS',leads
384,384,384,201705070WAS,41.9,11.0,2nd quarter,3:24.0,Avery Bradley,BOS,False,2-pointer,20,42-37,'BOS',leads
385,385,385,201705070WAS,25.9,4.1,2nd quarter,3:00.0,Kelly Olynyk,BOS,True,2-pointer,2,44-39,'BOS',leads
386,386,386,201705070WAS,0.5,4.6,2nd quarter,2:25.0,Kelly Olynyk,BOS,False,3-pointer,24,44-39,'BOS',leads
387,387,387,201705070WAS,42.7,22.3,2nd quarter,1:49.0,Kelly Olynyk,BOS,False,3-pointer,27,44-39,'BOS',leads
388,388,388,201705070WAS,23.6,5.6,2nd quarter,1:19.0,Isaiah Thomas,BOS,False,2-pointer,3,44-41,'BOS',leads
389,389,389,201705070WAS,33.7,26.9,2nd quarter,0:59.0,Jae Crowder,BOS,False,3-pointer,26,44-43,'BOS',leads
390,390,390,201705070WAS,24.2,0.9,2nd quarter,0:44.0,Isaiah Thomas,BOS,False,2-pointer,2,44-45,'BOS',trails
391,391,391,201705070WAS,23.1,2.4,2nd quarter,0:43.0,Al Horford,BOS,True,2-pointer,1,46-45,'BOS',leads
392,392,392,201705070WAS,24.9,3.0,2nd quarter,0:19.0,Al Horford,BOS,True,2-pointer,1,48-48,'BOS',tied
393,393,393,201705070WAS,47.8,2.4,3rd quarter,11:10.0,Amir Johnson,BOS,True,3-pointer,24,53-48,'BOS',leads
394,394,394,201705070WAS,47.6,6.6,3rd quarter,10:01.0,Jae Crowder,BOS,False,3-pointer,24,53-52,'BOS',leads
395,395,395,201705070WAS,40.9,5.1,3rd quarter,9:23.0,Al Horford,BOS,False,2-pointer,17,53-52,'BOS',leads
396,396,396,201705070WAS,30.3,6.1,3rd quarter,7:52.0,Isaiah Thomas,BOS,False,2-pointer,7,53-57,'BOS',trails
397,397,397,201705070WAS,18.2,27.4,3rd quarter,7:18.0,Jae Crowder,BOS,False,3-pointer,25,53-59,'BOS',trails
398,398,398,201705070WAS,8.2,25.3,3rd quarter,6:24.0,Avery Bradley,BOS,False,3-pointer,27,53-64,'BOS',trails
399,399,399,201705070WAS,25.2,2.9,3rd quarter,4:42.0,Al Horford,BOS,True,2-pointer,1,55-74,'BOS',trails
400,400,400,201705070WAS,24.9,1.9,3rd quarter,4:22.0,Isaiah Thomas,BOS,False,2-pointer,1,55-74,'BOS',trails
401,401,401,201705070WAS,25.0,3.2,3rd quarter,4:13.0,Isaiah Thomas,BOS,True,2-pointer,1,57-74,'BOS',trails
402,402,402,201705070WAS,10.5,28.2,3rd quarter,3:43.0,Marcus Smart,BOS,True,3-pointer,29,60-77,'BOS',trails
403,403,403,201705070WAS,12.8,26.7,3rd quarter,3:12.0,Al Horford,BOS,False,3-pointer,26,60-80,'BOS',trails
404,404,404,201705070WAS,28.5,8.1,3rd quarter,2:50.0,Al Horford,BOS,False,2-pointer,7,60-82,'BOS',trails
405,405,405,201705070WAS,25.5,2.5,3rd quarter,2:20.0,Marcus Smart,BOS,False,2-pointer,2,60-84,'BOS',trails
406,406,406,201705070WAS,39.0,25.3,3rd quarter,2:07.0,Terry Rozier,BOS,True,3-pointer,27,63-86,'BOS',trails
407,407,407,201705070WAS,41.1,3.2,3rd quarter,1:25.0,Terry Rozier,BOS,False,2-pointer,17,63-86,'BOS',trails
408,408,408,201705070WAS,13.0,27.7,3rd quarter,0:00.0,Avery Bradley,BOS,False,3-pointer,27,68-90,'BOS',trails
409,409,409,201705070WAS,18.8,16.9,4th quarter,11:26.0,Kelly Olynyk,BOS,True,2-pointer,15,70-90,'BOS',trails
410,410,410,201705070WAS,24.9,3.7,4th quarter,10:42.0,Jae Crowder,BOS,True,2-pointer,1,72-92,'BOS',trails
411,411,411,201705070WAS,14.3,15.0,4th quarter,10:14.0,Jae Crowder,BOS,False,2-pointer,15,72-92,'BOS',trails
412,412,412,201705070WAS,24.0,3.2,4th quarter,9:31.0,Terry Rozier,BOS,True,2-pointer,0,74-94,'BOS',trails
413,413,413,201705070WAS,25.4,3.3,4th quarter,9:01.0,Kelly Olynyk,BOS,True,2-pointer,1,76-97,'BOS',trails
414,414,414,201705070WAS,24.1,3.0,4th quarter,8:28.0,Jae Crowder,BOS,False,2-pointer,0,76-99,'BOS',trails
415,415,415,201705070WAS,25.2,2.9,4th quarter,8:14.0,Terry Rozier,BOS,True,2-pointer,1,78-99,'BOS',trails
416,416,416,201705070WAS,24.0,3.3,4th quarter,7:51.0,Terry Rozier,BOS,False,2-pointer,0,79-101,'BOS',trails
417,417,417,201705070WAS,39.6,6.6,4th quarter,6:53.0,Al Horford,BOS,False,2-pointer,16,81-103,'BOS',trails
418,418,418,201705070WAS,18.8,20.0,4th quarter,6:20.0,Terry Rozier,BOS,False,2-pointer,18,81-106,'BOS',trails
419,419,419,201705070WAS,10.7,25.3,4th quarter,5:59.0,Jaylen Brown,BOS,True,3-pointer,26,84-106,'BOS',trails
420,420,420,201705070WAS,45.5,21.8,4th quarter,5:04.0,Jaylen Brown,BOS,False,3-pointer,29,85-106,'BOS',trails
421,421,421,201705070WAS,23.8,3.7,4th quarter,4:34.0,Terry Rozier,BOS,True,2-pointer,1,87-106,'BOS',trails
422,422,422,201705070WAS,24.4,4.3,4th quarter,3:58.0,Tyler Zeller,BOS,True,2-pointer,1,89-108,'BOS',trails
423,423,423,201705070WAS,23.4,3.7,4th quarter,3:26.0,Tyler Zeller,BOS,True,2-pointer,1,91-110,'BOS',trails
424,424,424,201705070WAS,47.5,3.7,4th quarter,2:36.0,Gerald Green,BOS,True,3-pointer,24,95-114,'BOS',trails
425,425,425,201705070WAS,45.3,21.8,4th quarter,2:10.0,Gerald Green,BOS,True,3-pointer,28,98-116,'BOS',trails
426,426,426,201705070WAS,15.2,18.6,4th quarter,1:37.0,Tyler Zeller,BOS,False,2-pointer,18,98-117,'BOS',trails
427,427,427,201705070WAS,24.9,3.7,4th quarter,1:35.0,Terry Rozier,BOS,True,2-pointer,1,100-117,'BOS',trails
428,428,428,201705070WAS,25.4,2.9,4th quarter,0:30.0,Terry Rozier,BOS,False,2-pointer,1,102-121,'BOS',trails
429,429,429,201705070WAS,44.0,22.5,4th quarter,0:25.0,Gerald Green,BOS,False,3-pointer,28,102-121,'BOS',trails
430,430,430,201705070WAS,5.9,15.1,1st quarter,11:37.0,Otto Porter,WAS,True,2-pointer,22,2-0,'BOS',leads
431,431,431,201705070WAS,31.1,10.0,1st quarter,11:05.0,Bradley Beal,WAS,True,2-pointer,10,4-0,'BOS',leads
432,432,432,201705070WAS,24.1,3.0,1st quarter,10:39.0,John Wall,WAS,False,2-pointer,0,4-0,'BOS',leads
433,433,433,201705070WAS,18.2,12.7,1st quarter,10:09.0,Bradley Beal,WAS,False,2-pointer,11,4-0,'BOS',leads
434,434,434,201705070WAS,38.6,15.0,1st quarter,10:00.0,John Wall,WAS,False,2-pointer,19,4-0,'BOS',leads
435,435,435,201705070WAS,24.1,17.9,1st quarter,9:40.0,John Wall,WAS,False,2-pointer,15,4-0,'BOS',leads
436,436,436,201705070WAS,31.9,11.5,1st quarter,9:35.0,Otto Porter,WAS,False,2-pointer,12,4-0,'BOS',leads
437,437,437,201705070WAS,22.8,17.1,1st quarter,8:58.0,Markieff Morris,WAS,True,2-pointer,14,6-0,'BOS',leads
438,438,438,201705070WAS,22.3,8.1,1st quarter,8:32.0,Otto Porter,WAS,True,2-pointer,5,8-0,'BOS',leads
439,439,439,201705070WAS,36.0,24.8,1st quarter,8:06.0,Bradley Beal,WAS,False,3-pointer,25,8-2,'BOS',leads
440,440,440,201705070WAS,32.6,15.0,1st quarter,7:07.0,Markieff Morris,WAS,True,2-pointer,15,10-6,'BOS',leads
441,441,441,201705070WAS,5.9,7.1,1st quarter,6:25.0,Markieff Morris,WAS,False,2-pointer,19,10-9,'BOS',leads
442,442,442,201705070WAS,24.4,2.4,1st quarter,6:00.0,John Wall,WAS,False,2-pointer,1,10-9,'BOS',leads
443,443,443,201705070WAS,24.6,29.2,1st quarter,5:45.0,Markieff Morris,WAS,False,3-pointer,26,10-9,'BOS',leads
444,444,444,201705070WAS,24.4,3.8,1st quarter,5:20.0,Bradley Beal,WAS,True,2-pointer,1,12-12,'BOS',tied
445,445,445,201705070WAS,23.9,3.2,1st quarter,4:55.0,Otto Porter,WAS,True,2-pointer,0,14-12,'BOS',leads
446,446,446,201705070WAS,25.0,8.2,1st quarter,4:21.0,John Wall,WAS,False,2-pointer,5,15-14,'BOS',leads
447,447,447,201705070WAS,26.4,1.4,1st quarter,2:47.0,Bradley Beal,WAS,False,2-pointer,3,15-20,'BOS',trails
448,448,448,201705070WAS,46.7,16.6,1st quarter,2:42.0,Otto Porter,WAS,True,3-pointer,26,18-20,'BOS',trails
449,449,449,201705070WAS,24.9,4.1,1st quarter,2:07.0,Bradley Beal,WAS,True,2-pointer,1,20-20,'BOS',tied
450,450,450,201705070WAS,37.5,4.6,1st quarter,1:26.0,Bojan Bogdanović,WAS,False,2-pointer,14,20-20,'BOS',tied
451,451,451,201705070WAS,37.2,17.9,1st quarter,0:07.0,Brandon Jennings,WAS,False,2-pointer,20,20-24,'BOS',trails
452,452,452,201705070WAS,7.1,27.2,2nd quarter,11:02.0,Bradley Beal,WAS,False,3-pointer,30,20-27,'BOS',trails
453,453,453,201705070WAS,42.1,20.8,2nd quarter,10:41.0,Bradley Beal,WAS,True,3-pointer,25,23-30,'BOS',trails
454,454,454,201705070WAS,23.9,2.9,2nd quarter,10:09.0,Tomáš Satoranský,WAS,True,2-pointer,0,25-32,'BOS',trails
455,455,455,201705070WAS,0.8,4.8,2nd quarter,8:48.0,Markieff Morris,WAS,False,3-pointer,23,26-37,'BOS',trails
456,456,456,201705070WAS,42.4,22.0,2nd quarter,8:42.0,John Wall,WAS,False,3-pointer,26,26-37,'BOS',trails
457,457,457,201705070WAS,16.6,28.9,2nd quarter,8:37.0,Bojan Bogdanović,WAS,False,3-pointer,27,26-37,'BOS',trails
458,458,458,201705070WAS,24.9,4.8,2nd quarter,8:08.0,John Wall,WAS,False,2-pointer,2,26-37,'BOS',trails
459,459,459,201705070WAS,41.6,3.7,2nd quarter,7:43.0,Bojan Bogdanović,WAS,True,2-pointer,18,28-37,'BOS',trails
460,460,460,201705070WAS,25.0,7.6,2nd quarter,7:07.0,Markieff Morris,WAS,False,2-pointer,5,28-40,'BOS',trails
461,461,461,201705070WAS,23.1,4.3,2nd quarter,6:47.0,John Wall,WAS,False,2-pointer,2,28-40,'BOS',trails
462,462,462,201705070WAS,24.1,2.9,2nd quarter,6:44.0,Marcin Gortat,WAS,True,2-pointer,0,30-40,'BOS',trails
463,463,463,201705070WAS,24.0,3.8,2nd quarter,5:58.0,John Wall,WAS,False,2-pointer,1,32-40,'BOS',trails
464,464,464,201705070WAS,3.8,22.3,2nd quarter,5:50.0,John Wall,WAS,True,3-pointer,28,35-40,'BOS',trails
465,465,465,201705070WAS,47.5,4.1,2nd quarter,5:14.0,Otto Porter,WAS,False,3-pointer,24,35-40,'BOS',trails
466,466,466,201705070WAS,45.2,18.4,2nd quarter,4:48.0,John Wall,WAS,False,3-pointer,26,35-40,'BOS',trails
467,467,467,201705070WAS,27.5,6.3,2nd quarter,3:48.0,John Wall,WAS,True,2-pointer,5,37-42,'BOS',trails
468,468,468,201705070WAS,37.7,14.0,2nd quarter,3:12.0,John Wall,WAS,True,2-pointer,18,39-42,'BOS',trails
469,469,469,201705070WAS,24.6,4.6,2nd quarter,1:36.0,Marcin Gortat,WAS,True,2-pointer,2,41-44,'BOS',trails
470,470,470,201705070WAS,22.6,5.1,2nd quarter,0:54.0,John Wall,WAS,True,2-pointer,3,45-44,'BOS',leads
471,471,471,201705070WAS,24.4,3.0,2nd quarter,0:41.0,John Wall,WAS,False,2-pointer,0,45-46,'BOS',trails
472,472,472,201705070WAS,39.9,25.8,2nd quarter,0:36.0,John Wall,WAS,True,3-pointer,28,48-46,'BOS',leads
473,473,473,201705070WAS,10.0,26.4,2nd quarter,0:02.0,John Wall,WAS,False,3-pointer,27,48-48,'BOS',tied
474,474,474,201705070WAS,25.5,4.1,2nd quarter,0:00.0,Marcin Gortat,WAS,False,2-pointer,2,48-48,'BOS',tied
475,475,475,201705070WAS,18.5,8.1,3rd quarter,11:31.0,Marcin Gortat,WAS,False,2-pointer,8,48-50,'BOS',trails
476,476,476,201705070WAS,7.9,25.9,3rd quarter,10:42.0,Bradley Beal,WAS,False,3-pointer,28,48-53,'BOS',trails
477,477,477,201705070WAS,22.8,3.8,3rd quarter,10:23.0,John Wall,WAS,True,2-pointer,1,52-53,'BOS',trails
478,478,478,201705070WAS,22.0,7.1,3rd quarter,9:48.0,John Wall,WAS,False,2-pointer,5,52-53,'BOS',trails
479,479,479,201705070WAS,26.0,16.9,3rd quarter,8:57.0,John Wall,WAS,False,2-pointer,14,52-53,'BOS',trails
480,480,480,201705070WAS,6.6,22.5,3rd quarter,8:53.0,Bradley Beal,WAS,True,3-pointer,26,55-53,'BOS',leads
481,481,481,201705070WAS,12.8,2.4,3rd quarter,8:09.0,Bradley Beal,WAS,True,2-pointer,11,57-53,'BOS',leads
482,482,482,201705070WAS,23.3,2.9,3rd quarter,7:37.0,Marcin Gortat,WAS,True,2-pointer,1,59-53,'BOS',leads
483,483,483,201705070WAS,32.4,28.2,3rd quarter,7:03.0,Markieff Morris,WAS,True,3-pointer,27,62-53,'BOS',leads
484,484,484,201705070WAS,24.0,3.1,3rd quarter,6:45.0,Otto Porter,WAS,True,2-pointer,0,64-53,'BOS',leads
485,485,485,201705070WAS,25.0,1.5,3rd quarter,6:04.0,John Wall,WAS,True,2-pointer,2,66-53,'BOS',leads
486,486,486,201705070WAS,23.6,3.2,3rd quarter,5:40.0,Bradley Beal,WAS,True,2-pointer,0,69-53,'BOS',leads
487,487,487,201705070WAS,23.9,2.4,3rd quarter,5:18.0,John Wall,WAS,True,2-pointer,1,72-53,'BOS',leads
488,488,488,201705070WAS,24.4,3.7,3rd quarter,5:00.0,Otto Porter,WAS,True,2-pointer,1,74-53,'BOS',leads
489,489,489,201705070WAS,11.6,23.8,3rd quarter,3:55.0,Markieff Morris,WAS,True,3-pointer,24,77-57,'BOS',leads
490,490,490,201705070WAS,37.7,23.8,3rd quarter,3:27.0,Bradley Beal,WAS,True,3-pointer,25,80-60,'BOS',leads
491,491,491,201705070WAS,25.5,4.6,3rd quarter,2:33.0,Otto Porter,WAS,True,2-pointer,2,84-60,'BOS',leads
492,492,492,201705070WAS,38.1,14.5,3rd quarter,1:17.0,John Wall,WAS,False,2-pointer,18,86-63,'BOS',leads
493,493,493,201705070WAS,26.0,28.9,3rd quarter,0:40.0,John Wall,WAS,False,3-pointer,26,88-64,'BOS',leads
494,494,494,201705070WAS,25.5,3.2,3rd quarter,0:12.0,Ian Mahinmi,WAS,False,2-pointer,2,88-66,'BOS',leads
495,495,495,201705070WAS,18.2,9.7,4th quarter,11:38.0,Markieff Morris,WAS,False,2-pointer,9,90-68,'BOS',leads
496,496,496,201705070WAS,24.9,4.6,4th quarter,11:00.0,Bradley Beal,WAS,True,2-pointer,2,92-70,'BOS',leads
497,497,497,201705070WAS,48.6,5.3,4th quarter,9:54.0,Brandon Jennings,WAS,False,3-pointer,25,92-72,'BOS',leads
498,498,498,201705070WAS,24.0,3.1,4th quarter,9:50.0,Bradley Beal,WAS,True,2-pointer,0,94-72,'BOS',leads
499,499,499,201705070WAS,46.2,17.6,4th quarter,9:15.0,Bojan Bogdanović,WAS,True,3-pointer,27,97-74,'BOS',leads
500,500,500,201705070WAS,25.2,4.1,4th quarter,8:49.0,Markieff Morris,WAS,True,2-pointer,2,99-76,'BOS',leads
501,501,501,201705070WAS,23.9,3.7,4th quarter,8:16.0,John Wall,WAS,False,2-pointer,1,99-76,'BOS',leads
502,502,502,201705070WAS,11.5,16.4,4th quarter,7:09.0,Markieff Morris,WAS,False,2-pointer,18,101-81,'BOS',leads
503,503,503,201705070WAS,23.8,3.7,4th quarter,7:03.0,Bojan Bogdanović,WAS,True,2-pointer,1,103-81,'BOS',leads
504,504,504,201705070WAS,20.0,10.5,4th quarter,5:32.0,Markieff Morris,WAS,False,2-pointer,9,106-84,'BOS',leads
505,505,505,201705070WAS,25.4,18.9,4th quarter,4:13.0,Bojan Bogdanović,WAS,True,2-pointer,16,108-87,'BOS',leads
506,506,506,201705070WAS,27.5,11.0,4th quarter,3:40.0,Bradley Beal,WAS,True,2-pointer,9,110-89,'BOS',leads
507,507,507,201705070WAS,23.6,3.8,4th quarter,3:12.0,Bojan Bogdanović,WAS,True,2-pointer,1,112-91,'BOS',leads
508,508,508,201705070WAS,24.9,4.1,4th quarter,2:50.0,Jason Smith,WAS,True,2-pointer,1,114-92,'BOS',leads
509,509,509,201705070WAS,21.0,9.1,4th quarter,2:20.0,Tomáš Satoranský,WAS,True,2-pointer,7,116-95,'BOS',leads
510,510,510,201705070WAS,8.5,12.5,4th quarter,1:19.0,Trey Burke,WAS,False,2-pointer,18,117-100,'BOS',leads
511,511,511,201705070WAS,24.2,3.3,4th quarter,1:18.0,Jason Smith,WAS,True,2-pointer,0,119-100,'BOS',leads
512,512,512,201705070WAS,24.9,3.3,4th quarter,0:58.0,Tomáš Satoranský,WAS,False,2-pointer,1,119-102,'BOS',leads
513,513,513,201705070WAS,24.0,3.1,4th quarter,0:39.0,Jason Smith,WAS,True,2-pointer,0,121-102,'BOS',leads
